0
0
1
2
2
4
5
6
7
8
9
10
11
11
11
12
13
16
17
18
19
20
21
24
24
25
25
26
26
29
29
29
30
31
31
33
33
33
34
35
36
36
38
39
42
43
43
44
44
47
47
48
50
51
51
51
52
53
56
58
61
64
65
65
67
67
68
68
68
71
74
74
75
76
80
80
80
82
82
82
83
84
85
87
88
89
91
92
92
92
93
94
94
95
96
96
96
97
98
99
100
101
101
102
102
102
104
105
105
106
106
106
107
108
108
109
109
112
113
113
113
115
118
119
121
121
122
123
125
127
129
131
132
137
137
137
138
139
141
141
141
142
143
145
145
146
146
146
147
148
148
148
149
149
149
149
150
150
151
151
154
154
154
154
155
156
157
157
159
159
160
160
162
162
163
163
164
165
166
167
168
168
169
170
172
172
174
175
175
175
177
177
178
179
179
179
179
181
181
182
183
184
186
188
189
190
190
190
191
192
193
195
195
198
200
200
200
201
203
205
207
207
210
211
214
215
217
219
220
221
228
228
229
230
235
235
236
236
236
238
238
238
239
240
240
240
241
243
243
243
244
249
250
250
252
256
257
258
262
262
262
263
264
265
266
268
270
270
274
274
274
276
277
277
279
279
279
281
281
282
283
284
286
286
286
287
288
289
290
292
292
301
301
302
303
303
303
303
303
305
306
307
312
313
313
314
315
315
315
317
318
319
320
322
323
323
324
324
325
325
326
329
329
329
329
333
334
334
335
337
338
339
341
342
343
343
343
344
345
348
353
354
355
356
356
358
359
361
361
362
362
363
363
364
365
366
366
366
367
367
369
370
371
371
371
372
373
375
377
377
377
377
378
379
379
380
380
381
381
381
382
383
383
384
384
385
388
390
390
391
391
394
394
395
397
397
399
399
400
400
402
404
405
405
405
406
408
408
409
409
409
410
410
410
412
414
415
416
418
418
421
421
421
423
424
425
427
428
429
430
430
430
431
431
432
432
432
433
434
434
436
437
438
439
441
442
443
443
445
446
446
446
446
446
449
450
450
450
451
452
452
453
455
456
458
459
460
461
462
463
465
467
467
467
469
469
471
471
472
473
474
474
475
476
481
483
487
487
491
491
493
494
494
494
495
495
495
496
497
497
