452
45
235
80
376
193
198
138
36
406
395
48
410
260
231
147
57
114
191
116
129
146
385
245
345
480
87
376
46
215
427
471
264
337
178
15
402
313
398
292
467
459
347
410
164
211
321
19
358
310
148
8
264
226
170
485
30
148
150
258
489
265
342
464
219
79
286
85
491
122
444
428
186
259
37
145
465
47
350
465
119
345
268
413
387
232
254
22
383
329
456
102
57
157
482
190
479
161
203
359
162
274
380
190
203
5
221
492
41
121
190
403
152
232
484
457
219
411
310
171
78
178
391
329
494
349
134
253
357
85
134
361
156
270
217
47
276
33
463
84
373
63
236
236
205
318
414
14
388
81
454
104
161
475
426
130
342
11
364
125
2
99
478
82
116
198
393
433
103
480
292
60
33
246
365
252
262
48
48
28
153
64
30
377
70
492
198
23
422
456
486
482
488
117
343
31
479
186
482
446
350
26
95
133
276
358
162
236
251
5
134
277
210
454
361
138
76
410
213
442
461
384
5
408
45
118
349
104
352
178
444
456
384
481
337
495
26
195
37
98
204
10
330
71
140
165
260
83
310
137
497
483
277
335
21
276
307
363
417
436
228
474
297
261
40
291
252
485
316
201
418
64
325
329
222
207
415
314
3
73
338
64
182
3
130
260
209
121
136
310
14
396
94
445
51
392
348
64
330
32
266
112
443
353
490
429
441
260
50
37
210
459
43
191
386
214
53
245
71
398
91
87
0
296
195
369
48
90
295
327
158
0
223
383
194
360
175
255
335
163
190
482
305
220
9
315
139
416
289
69
137
349
431
205
264
335
114
80
90
477
37
280
409
288
92
412
412
64
464
65
177
443
350
133
359
54
179
11
492
300
319
251
264
482
18
460
100
342
380
339
417
119
1
180
302
65
60
145
249
342
373
103
394
338
319
382
241
437
215
107
418
391
267
181
180
367
291
341
258
465
429
483
59
130
397
254
37
491
388
304
288
139
367
408
342
158
68
61
479
119
404
472
103
480
188
1
412
297
353
383
206
327
144
226
294
136
152
11
466
461
427
159
467
396
280
72
66
347
450
221
225
65
178
381
437
424
170
360
269
69
470
54
210
433
53
257
407
76
314
78
290
476
406
143
200
463
493
32
429
35
