3630
2644
1295
305
1256
3577
4377
4362
1788
2564
2023
3433
206
2835
4529
1357
2287
978
1627
1037
2403
180
4953
120
1482
4654
1952
2710
4986
4816
2696
3838
73
4497
3389
3956
3000
2109
2165
3142
3875
2950
3844
2332
724
4053
4042
4819
1088
3275
3807
2884
3506
3688
221
2221
1291
4615
2707
1011
507
1716
514
4898
3224
4187
2663
3924
2157
2463
4433
4737
3295
395
1149
2889
2369
1200
2470
2299
4383
3492
608
4945
1335
1459
1171
3619
1371
445
1972
2892
1523
2412
4791
2444
1328
3327
4521
4059
4227
2360
3194
2207
3636
3559
1680
971
4983
2145
3638
52
3568
4689
1803
3224
335
808
623
4893
3239
1012
3017
2052
8
4163
3499
4280
2852
2122
2399
1503
2663
1086
2195
3891
2159
3342
671
1989
4427
3123
3951
2824
1800
2773
3028
405
2246
780
3061
1952
890
2008
892
4798
4245
1981
3531
4738
3553
1574
1716
1307
1579
3556
1840
4698
3068
3780
3407
4629
961
1787
2246
4180
4131
2166
3631
4733
1289
3554
2818
4888
881
3124
4850
4313
4645
3063
730
325
3914
3664
2613
2258
4276
3919
3797
1416
2150
2244
3084
1982
3486
1244
734
2051
4060
4399
4344
3706
1602
1702
2041
3249
2799
2894
2518
1598
2278
1236
852
2053
3380
116
2070
4379
3167
3874
1839
4152
3129
2276
681
3653
1868
2322
4804
4178
495
811
3362
1306
2287
2965
3791
1998
729
4217
1334
1298
2875
1209
4070
1680
2794
358
2107
2615
1862
1466
4129
2743
1330
3959
428
804
4848
4122
259
4317
1945
4000
234
1384
3882
3579
2214
3228
1738
1736
4028
962
4776
2705
1347
160
3505
4682
2648
2339
967
2298
1615
641
3645
3280
1863
3273
2255
1439
4415
95
4766
1600
988
2824
689
1826
2444
1390
2783
2889
2725
4352
2481
2104
1655
4482
4805
2284
1944
2676
1028
2166
3126
4177
3925
4036
2623
4879
2387
3718
3820
1229
1881
3824
3364
334
1694
4328
685
3873
580
3222
2093
1322
4954
2747
2822
2657
1145
1927
3552
4869
547
3339
2257
2140
623
1960
4455
3913
2897
1282
3406
2091
3671
628
2341
3894
991
1073
3611
1321
580
2148
2991
787
4127
4373
2685
3034
3097
4657
1684
3610
1550
1564
2444
2894
2150
3966
1845
3998
3470
3503
914
4637
3923
1152
4829
2485
38
3720
3372
721
4171
3911
3161
2687
2748
3651
1831
4881
2810
2372
4872
3687
763
2950
179
1402
2191
1643
1699
3887
3068
2490
1115
4334
658
2512
998
2693
3065
353
2435
2702
2558
747
13
4683
2709
2896
576
585
2544
2102
839
1480
3341
3332
4931
3797
3141
3379
2278
761
3449
2358
3294
1450
663
2088
4501
1324
131
3913
2148
2004
4809
4500
4928
4313
2030
288
1589
1423
2830
1953
4279
1369
1663
882
2871
1850
1389
2490
4666
2465
887
784
414
3455
2551
1460
21
4645
623
1259
3852
4582
4879
3134
2229
3599
843
576
2281
3591
1416
3834
3818
2807
2639
4725
1235
3639
1666
59
2131
521
2412
323
1542
3847
1638
1263
2948
3396
899
2676
1534
3169
3212
4757
1682
1807
88
923
3792
916
3595
4485
260
4188
2360
3552
4732
4925
2169
3652
1492
2511
123
531
2317
1030
4822
3791
2860
1734
3578
4710
1502
1889
558
3020
3777
1199
2041
4950
4206
3371
3443
2054
3075
1038
2510
1728
4341
1459
3878
328
210
3054
1495
2149
2844
914
4462
1230
4954
1117
3280
1696
4953
2850
4470
2609
1247
4866
3018
3804
4712
4024
2667
2745
1673
1808
4404
4040
994
1859
3884
2826
2649
4026
4126
861
4337
4268
2776
3946
2042
1655
3200
1012
3089
1383
3570
2990
664
1325
1559
1241
2825
438
1312
306
2363
822
2208
4573
703
474
1847
2224
1653
2976
515
693
3847
3915
4712
1157
967
4334
2592
1622
4604
1500
3542
905
1616
2554
3380
738
4373
2754
1197
2349
3613
1949
4189
4481
385
548
996
4828
241
1306
1345
643
1379
441
2291
4772
3654
3008
2787
3114
3006
2574
349
2060
1914
1903
2214
3091
3896
3384
4199
1397
3467
4007
3151
523
667
340
3199
4067
1731
534
2046
3235
791
3283
4293
747
684
4968
4661
1253
2249
4601
3972
2380
3899
3678
1063
1862
2991
3923
1097
1416
145
4610
2202
3428
1281
1038
339
2969
3213
2903
3789
1840
2801
213
1889
2654
978
2218
3698
4443
1275
913
2471
4405
1087
2605
700
3377
1125
32
1208
1232
330
737
4162
4866
4664
2624
2060
2170
163
1961
4938
4398
2716
1242
1380
3593
3487
4451
3254
1702
4551
417
4273
4187
250
375
1818
96
215
290
2048
1275
4291
3152
2787
3177
4435
988
4816
1218
4411
4664
2473
2658
3789
655
3945
4088
4974
957
3253
741
2058
4174
382
4690
1135
712
3883
2182
447
855
1668
1259
856
1331
1153
1468
4918
839
3632
813
935
3032
2918
4295
3951
1976
1964
1438
746
1542
195
113
3391
1372
2515
3742
1340
2069
3596
975
2035
4905
488
1189
292
750
4688
303
5
4324
2074
3343
2621
3277
1892
961
54
528
4523
3169
144
833
4892
2016
2658
3414
4803
787
1803
3704
4642
2136
2806
1540
2689
3717
4621
3797
4068
4639
3061
2736
3850
3540
1543
1244
3169
1917
3198
1892
3791
3004
4428
3890
2868
4702
1679
2281
4131
2780
1641
3583
4207
4748
1317
2709
746
351
1365
3709
4929
759
2521
3527
3683
3247
3209
3968
2704
4127
2916
2287
879
4458
3609
749
191
805
3850
241
4983
2407
2657
3709
3633
2800
2027
4992
345
375
2441
649
3923
3811
2717
3516
3890
3606
3689
1197
3525
513
2851
3094
1205
3312
4332
3078
3857
2188
4144
1665
1978
3270
4137
4574
4882
4919
4772
1713
2615
4433
2837
2572
238
1288
3917
1060
4683
4995
4281
327
4780
2106
3535
4189
3117
4587
626
4362
311
4460
180
4590
1921
111
2315
3806
1960
541
1708
3019
4458
3248
2668
2828
2927
1698
4886
4003
4360
747
3542
354
2866
2395
1252
2232
4964
1101
4069
2603
275
67
3083
43
1775
52
2836
817
3814
4871
312
2771
3894
2642
2139
3077
3696
1347
2491
1589
936
4563
1444
2890
4953
4106
3871
3714
1349
2891
4945
2503
1722
3477
3055
2877
1560
2114
1944
3355
167
2440
331
156
3494
3401
3526
1057
1046
1322
2760
1621
3109
1157
1423
2196
1486
4250
4243
2552
677
3617
516
2449
2928
1277
4206
3072
3586
3573
2546
4113
2081
1348
1257
1227
1143
2859
2009
4086
1629
1344
58
1175
2803
2094
3490
4978
3245
2000
36
1901
400
4307
3864
2333
4890
1551
1516
4896
4430
2417
4015
1126
31
3400
510
292
3876
3898
1232
638
4306
59
3932
4449
2463
4722
770
3802
4266
663
2079
110
4089
4908
4330
4295
2474
2880
571
1128
1378
4354
4972
1750
4420
2088
1863
282
4458
923
6
4959
1959
4086
3674
1325
2021
476
3043
3911
3793
3012
79
2247
3380
4122
3646
1180
1821
195
801
2437
1602
3084
1690
1501
4022
3359
4447
1499
2516
2187
1857
1516
4529
254
3385
4023
4808
4938
1417
3533
1919
3010
1320
4411
926
4744
3527
3862
3648
1204
2009
2098
3090
2546
1256
3639
3736
1529
650
1752
991
1780
2595
3425
1693
2142
27
412
2196
4423
4064
968
3310
1301
918
2272
515
2289
3155
4811
1573
4264
760
1124
1972
4602
1281
4024
2982
3386
1893
2592
1734
4466
328
2074
405
2915
4822
2160
1238
3510
379
2733
35
1154
4518
2791
3070
2370
4868
646
4466
466
472
2663
4303
574
3960
4549
2876
2031
3699
3149
606
4643
2430
716
3855
2464
3982
495
1570
4517
2559
375
4771
4644
3491
1127
1299
4464
2047
803
4625
695
3127
4103
4637
3636
218
489
109
3372
3776
4788
2130
4490
3711
2905
4461
3673
4133
2748
2075
4790
2896
3345
400
112
2577
4770
632
373
208
3030
112
3378
1696
2095
4194
1814
1427
4007
1783
1948
616
2840
3519
435
616
2615
3157
3275
3441
4620
4926
822
3082
545
3648
1617
973
4748
1094
438
282
1339
2913
3559
1760
4339
4347
1561
4046
4005
3701
4947
2400
86
4329
3273
677
1489
4601
4249
3357
4579
3694
313
1808
4682
917
3979
322
3131
892
791
3762
255
3018
4835
4258
769
1980
3169
2529
2526
2043
421
1955
3138
483
2954
1226
2771
159
3224
126
4108
2232
1460
3152
840
1941
3211
4396
2993
515
4300
3140
3404
1029
2330
1202
3659
4768
1746
3510
3863
2021
991
2837
3399
2857
1608
130
1433
2906
1179
4214
1316
4103
3304
12
568
4154
1717
2975
1987
2202
265
1636
3408
4928
3814
3876
3494
2387
4224
2322
1570
855
3637
651
3634
4953
1248
4027
1920
4709
4686
2203
4983
3728
4388
2928
3284
1770
2659
2288
1204
2091
1450
1206
4758
4022
4702
2925
4701
3994
447
664
1829
2325
2682
2656
1815
3236
2007
335
4386
3046
4510
2545
616
2950
2739
3418
1986
2335
1547
314
625
154
274
4557
3810
154
1179
4296
4437
281
827
4558
2955
1459
1034
3560
2873
3336
1263
418
3021
3816
3798
538
1540
1742
3345
924
3845
3935
4001
3929
4582
940
2879
2615
3249
3938
3035
1537
3538
1395
4432
3198
1128
2686
2986
135
845
1329
1685
4770
3396
3206
3763
4068
510
1092
4673
3883
641
3116
3032
4562
566
1548
4107
581
3125
4465
1105
3948
4039
2957
3641
2813
4696
3528
141
2834
399
4802
973
1097
2307
4486
1936
2610
547
3547
3617
1979
1386
1036
2788
3112
1166
4199
4012
4454
4612
3227
3466
1086
2105
4010
4644
1423
919
2302
663
3524
1866
3200
922
4437
3942
3027
338
2001
351
2959
3539
4936
188
1402
2882
3663
4473
2793
1628
1949
736
3812
1657
3122
3060
4295
1795
1176
473
3524
965
2929
3363
1590
4674
3815
1241
1665
1220
179
3934
4053
3453
1966
4012
154
941
3755
2493
4469
3512
2245
4423
272
3355
3500
2643
4399
651
2659
3451
4206
1402
4725
3301
3585
2744
4182
881
644
298
582
1723
1601
4889
4640
3917
1535
3449
4521
444
4751
4012
2723
2572
3154
3443
153
371
1175
4200
1253
1768
569
3595
1101
398
4700
3183
1109
3448
2488
3224
2325
2515
902
1252
1235
2546
3199
4811
4012
2994
4580
3948
1811
2851
3264
4925
364
64
4682
1134
2754
3067
639
1347
380
4072
4740
933
4535
1300
513
4420
3573
2561
984
4866
443
2801
1757
1590
4984
981
1208
4804
4769
3009
4845
2014
953
4773
2157
1785
4686
1442
917
4415
295
4639
3324
2244
697
3496
3211
3199
4401
2266
1813
559
3443
2757
3717
1327
57
1534
4758
4720
584
3304
1213
353
4533
3343
4860
2453
4996
2481
280
1946
3728
656
2681
593
4855
4232
4978
1039
4605
834
158
183
4809
4067
2811
457
2556
868
947
2011
4509
3222
92
4291
2842
962
3425
1990
4274
3650
2002
936
3757
1183
4119
368
3684
240
4474
1007
3837
3116
1369
2726
4471
1605
411
1121
4852
3577
2450
4955
356
3598
2342
63
2382
937
4619
3128
2106
3602
4505
4358
217
1424
1097
1101
1990
3037
2159
4276
2502
2245
2378
359
2706
2009
1929
4242
2262
674
4392
2746
4785
2212
520
4545
4549
3577
2532
118
2369
3702
87
4839
161
582
3403
1364
2319
4193
1813
281
3219
2041
3436
3728
2534
1697
2121
2848
4572
2251
1592
2318
0
1020
1516
1398
2657
3589
2536
4766
3730
3345
2386
183
4840
3222
1578
4969
3900
3698
4752
3707
4808
2092
2444
875
2302
3787
1911
4904
1236
3335
2103
3497
2084
1034
4695
4945
3752
2290
2925
2010
1123
4391
2892
3627
986
3123
1906
4536
2185
395
4508
372
4674
849
2062
6
3520
306
1823
4901
4193
451
4392
1912
1802
3843
1277
2391
1485
220
2412
3368
798
3980
2827
1343
915
2123
2598
2493
4601
4568
149
3467
4931
3972
4004
1291
4278
2074
3285
1979
4360
3946
2704
2536
630
1593
570
1067
1077
1327
4923
2218
3112
1332
961
1437
2872
1855
547
259
434
845
3048
1386
3417
4875
1533
4807
221
4704
3837
1143
3044
209
1474
27
4660
98
2042
4017
1698
3910
4294
1541
245
4412
2740
3980
2900
1838
2916
680
3798
3246
4303
101
3848
3344
67
2518
1104
3614
2915
2485
673
2764
91
2422
1031
809
4242
614
2698
1782
4904
2557
4352
1926
3463
629
1419
986
4302
1598
745
960
3319
656
1266
3407
3698
444
3957
4354
2891
3504
3563
3791
4543
2564
885
2266
2260
2677
1840
1370
2230
1222
246
1008
1949
1110
2401
3048
1436
667
409
2206
2317
376
3125
350
4423
1765
4126
4103
281
2548
4886
3581
1297
2883
3896
4473
2453
347
4273
3912
3915
2108
803
3061
3140
1715
771
2491
4811
3593
2441
2475
899
4609
116
4263
790
3221
1576
1721
3562
4533
1383
826
4293
1558
276
1931
834
1979
3792
2641
1580
3659
2715
2049
4951
3758
2404
936
4734
1045
1732
325
2246
1773
340
4382
1690
2040
2367
4924
616
896
625
3140
2816
3792
4359
2298
885
4738
3609
4388
3684
4478
1858
4600
4882
4070
1944
4579
2418
1571
3615
376
3955
3410
520
2921
4031
3865
2550
3580
1568
473
3617
2589
1662
423
2403
2236
52
1506
4416
2795
1832
1123
3059
791
2232
3132
1868
4048
2794
3175
678
214
220
772
2036
3610
3259
1214
83
798
711
1906
2410
2690
2594
3925
4822
2652
3889
666
1418
4595
2595
4501
20
2968
1551
2150
1123
2826
1011
4149
724
1676
4767
4654
1988
4333
3287
3873
504
4060
575
1986
4000
6
801
4056
1146
1126
1594
3259
4602
4807
2498
4663
855
2681
4266
1824
2721
4589
656
2152
2574
2511
246
2052
4613
7
1457
648
2394
2396
2525
2266
3423
3686
2638
2114
1299
4966
1897
2900
276
4172
4745
4206
3921
109
3029
2212
626
4519
2422
4718
3545
2826
2567
3483
561
1180
4381
3173
1188
1833
4366
4456
2059
294
1614
4560
4207
4272
4932
358
1789
4030
1403
4526
77
248
4652
3625
1283
3170
2329
1650
1526
4625
4268
2126
4111
3952
3678
2837
1420
815
1764
4904
2969
4001
1068
3774
2984
4817
277
1431
4087
4784
3276
4052
768
1598
4811
1168
2271
2971
1204
3031
1988
3016
2419
4450
120
4262
1385
4236
428
4570
2229
3789
492
1668
2797
1408
3131
675
1106
1658
2185
2352
1993
3258
2951
1195
1878
2087
1546
4981
1963
4947
1334
4971
2855
4954
1626
3779
1065
510
4681
3367
2771
4771
121
859
4260
1586
2180
44
2622
1612
2924
487
2614
4364
3892
667
633
3778
4217
3277
2203
1752
3831
702
1235
226
1776
4875
355
3327
4327
1608
3900
2582
2099
985
4846
3455
3287
1343
3356
4576
4710
3676
622
240
3355
115
2400
4868
2607
3247
3240
4707
2732
3534
1261
3343
4510
2609
2171
2451
1705
3523
3522
4596
1646
627
3014
605
1631
1304
1834
4667
3369
2377
4030
2449
1066
310
4655
1569
2504
2510
3109
1216
2001
1445
3888
2173
2824
1618
3443
4142
2685
1987
2715
3166
334
685
2089
3223
4761
3604
2723
1528
3148
2074
1217
2563
203
4352
1522
4926
1880
3047
3719
4075
2489
3873
4111
2206
779
2433
354
1715
3309
2588
50
4250
2071
1818
2339
4952
1281
2181
2130
1819
4776
1317
1587
2209
3883
2365
1037
4966
2020
5
2905
920
3594
309
2400
3576
1202
4467
3922
64
3326
3938
1842
1131
3070
2311
758
2085
3763
793
1853
4985
1915
2332
1146
2737
3614
649
4245
4525
3007
2126
1048
1387
3414
917
3286
1375
2674
1948
1023
983
28
113
961
4270
4662
2112
1329
2859
3778
4802
1007
2165
4136
2931
1703
3613
1143
97
1060
4032
3917
1676
4887
1640
2226
3414
3477
158
1262
1240
2654
1389
1802
694
1554
1950
1324
816
2438
4084
1156
1374
4724
3035
1923
3568
1361
1794
2820
2839
1079
2314
1834
4651
3195
4034
4329
3442
4961
2977
2889
578
4915
1655
3221
3339
4633
2991
3434
2772
3426
4237
763
2720
768
2680
513
1749
4153
3069
3159
3569
3986
1072
3403
2121
999
1855
2929
1623
3574
2020
4106
2543
2649
4815
785
2206
4577
3094
2542
720
3832
2530
3924
580
1327
1264
341
4718
1382
3832
517
850
4370
909
1963
1552
3776
1353
4612
40
2432
2837
4426
3538
1749
1970
738
250
3256
2711
1363
4255
3932
3087
194
111
2317
2918
4443
313
4810
3488
1970
934
1137
3198
3983
3876
3969
1693
3623
4865
3659
981
191
4120
2762
3428
4300
2779
601
3956
2102
4534
3923
1048
4179
2707
4214
1486
4223
1336
2081
520
3945
2385
1876
389
2145
2578
55
1664
990
718
2683
2378
4588
1869
332
633
378
429
3208
4587
2338
2448
337
3648
1761
534
2158
484
4190
1911
4824
4598
1119
1039
1688
809
4367
4590
3470
772
3189
347
292
1511
2838
4572
1369
4372
289
1909
2097
608
2883
3043
1513
3357
1913
4043
1361
861
1691
4779
3970
1941
1065
4701
4383
4060
2300
2396
3617
1982
4847
1452
3330
89
303
1490
802
4051
1845
4941
1328
2574
373
2048
304
2337
1439
1198
4363
2029
1562
160
2892
1185
4048
1541
327
1986
4005
391
1428
3426
2873
3702
4377
427
1301
2635
1894
4313
322
2795
649
3897
2773
2310
1369
3434
4070
1579
480
2047
2256
2194
1274
4805
2107
3109
4346
119
4093
1356
724
940
2199
1260
1013
2954
299
1947
1550
2193
2036
362
1296
4606
150
2735
577
3018
1020
3950
2100
3375
3104
4908
3559
3871
3396
1984
414
2384
56
2054
1773
3912
1725
1321
10
600
4758
3613
1009
1624
4390
6
2305
2920
1476
3080
4531
4822
1827
2764
4115
1425
1302
4691
2448
521
1633
4986
3973
4656
4178
4354
1170
1265
2286
4515
1516
148
1305
1341
177
1707
2053
483
4848
2004
755
1260
1796
763
3552
3663
74
4090
30
938
2656
4184
812
2791
2517
3212
4744
1140
807
629
3880
4142
3704
48
3960
2537
986
2740
3381
4814
729
4405
4304
553
880
2619
1486
4685
1187
958
2645
1039
259
648
553
3340
1513
679
2957
192
866
2230
4909
260
4984
888
4343
963
1705
2784
3786
281
384
4375
1286
2560
2874
3003
1987
2401
4227
2560
3950
2052
4191
4869
4838
1115
748
2006
2269
2577
132
34
4874
986
4113
1648
4339
127
3369
2107
703
2386
321
303
937
2776
726
3662
1289
1463
4038
1068
1597
1317
4541
4619
1365
1698
748
2396
3828
2660
3460
2603
1250
2693
568
357
1814
1635
1359
2217
1041
3628
193
304
2230
963
3577
4706
2797
1387
1009
207
2271
3351
3148
4478
3899
2060
4476
2965
1223
4380
2899
390
4403
3232
383
3
3135
73
3559
2654
1988
3539
2010
1703
1856
2782
1503
1290
1835
794
3030
668
1239
2838
445
2834
4292
1261
2759
4718
2289
910
1512
2623
3039
4599
2523
3028
1559
4221
1900
4789
2948
843
345
1783
1131
4476
3843
2169
2799
2534
2955
2447
745
1741
4607
43
2900
2705
4187
2666
1030
3414
2204
1562
403
2678
4105
1494
4732
3573
898
3388
2189
3216
3730
2836
2571
4210
1177
997
4308
869
2
4981
2713
626
3428
3908
2454
1797
4947
3958
1603
4127
470
539
195
1017
3571
413
3465
1451
4575
1398
3266
4582
4338
3611
3093
2820
2238
1904
2295
3994
1664
2849
3404
1390
2424
2011
200
3395
4619
2221
243
1527
1872
2886
1746
741
1783
4860
1906
331
1844
2630
2104
3658
3451
3575
532
3917
4470
1480
2724
4153
4690
3336
1973
3808
1216
1482
780
3729
2319
1323
3722
4127
1134
591
3166
4900
519
2559
4412
2003
4631
377
611
2863
2923
2765
1788
4890
3580
1255
1023
1214
2379
501
3280
1050
1119
3334
630
3050
1499
757
2100
1246
4909
1138
89
444
1321
3483
4338
1684
2820
676
951
4705
4180
264
2938
775
2685
3066
4795
2069
2718
3813
953
3329
3322
996
292
2210
3339
2326
4894
2390
3161
1778
1048
4496
2559
3979
2648
1045
446
4745
4591
3124
515
4212
3673
4968
1388
3573
1766
259
3369
994
2813
3104
2733
2582
4296
1869
2851
1163
4651
3739
4637
229
3446
2436
2255
3732
3034
3416
2914
1077
2416
1900
4757
2334
2357
2808
1214
172
2890
3306
4782
1915
3439
4756
4299
1433
4255
623
3983
3455
2591
4891
2181
4021
3857
292
4659
3321
2261
202
2211
1700
1910
3429
2796
2513
3114
651
974
3899
3940
2040
3283
3321
1396
3657
944
2145
4117
1173
3915
4039
839
3224
1854
3703
3515
3805
825
431
4316
1655
4910
258
4461
1860
742
3074
1773
111
785
3725
3071
2624
931
691
3062
2818
2905
4457
3342
945
819
1109
3350
1366
3652
1455
305
169
2276
712
731
1674
2887
1690
4329
3356
3462
2164
2897
3598
1019
2312
4569
166
2233
2682
3011
1644
4346
3583
3750
633
2571
2560
1800
4859
1442
4906
4719
4974
680
1483
3767
3328
752
82
437
4904
2975
899
3378
2868
846
3687
4644
2743
3459
2172
46
499
2598
2446
3192
2312
943
2801
4633
209
2741
4066
4064
3167
3736
1425
3875
564
4656
2037
3886
662
1479
1556
2117
4279
2537
4141
3693
1997
4740
1908
2492
4674
1034
361
65
2234
3787
958
2422
36
4464
355
2410
4400
2066
1648
4747
771
1569
646
4768
898
4752
4114
4093
2041
1286
999
1552
918
2072
2431
4680
4990
1985
390
53
4555
123
1563
34
3610
4999
1451
663
517
17
580
219
2585
4815
2283
1335
3062
72
962
806
3190
3633
4194
2984
3316
4811
4744
4446
91
4520
3255
2487
2032
4572
4323
1465
1637
1184
2685
3740
122
3417
4808
3760
4010
1439
206
4542
4111
450
2655
236
3259
2639
584
506
2653
2656
2548
2234
908
1322
4402
573
2651
4560
4914
2015
1985
3077
341
1516
4884
3950
4984
885
4561
1349
4236
2651
1714
2562
3318
1820
2844
2588
678
2570
2564
3005
1390
1337
3990
1092
321
2297
938
2540
381
3001
4251
4050
838
1333
4805
68
1857
4846
2595
2356
2369
3368
2242
4524
618
817
693
3691
520
2324
4565
1565
4674
3261
2533
4793
2201
1968
3432
3964
2855
2994
4183
4620
3830
4409
1867
4935
2774
2672
3547
4289
2793
1586
4819
2355
3623
1471
1745
1729
314
1068
2333
3340
1717
3829
3980
2142
1422
2846
3305
397
588
655
2617
238
4295
2333
57
4963
2499
2181
4710
1167
4328
2900
1337
69
234
378
469
3097
1455
653
1398
2158
1586
1690
3440
999
740
2286
2801
3793
1361
1794
4548
4053
2070
4349
2827
1860
1669
3819
3624
4874
4562
1244
1584
2373
1550
3239
2261
2215
837
3693
1774
4879
4934
690
3797
111
3134
685
3588
4974
4146
4921
3253
4700
4687
2013
1941
1494
2263
886
3541
8
3579
1356
2045
2887
815
4521
3252
3273
1671
3654
2880
4019
4036
592
2862
3946
810
1991
1975
2446
1793
72
3192
4064
1982
1816
2804
45
4494
1216
1432
1978
4159
1977
3050
2271
4834
3749
71
1216
3880
1820
1272
1406
568
4480
2352
341
3339
2608
405
4886
1036
1529
2424
4941
2791
1123
1178
493
3821
3743
2789
2775
1089
3623
2717
2273
371
1869
1249
2083
3718
3197
1210
381
3607
1159
4310
1716
4604
516
4225
323
1215
4778
3938
1910
174
850
2869
986
2497
2447
3434
2144
4247
3969
3825
2929
2892
2487
1159
2571
2947
3459
3970
1602
4420
1112
3822
2090
651
894
1905
456
4093
1934
9
4944
79
4441
1424
4488
829
4650
4873
3324
1731
2004
2482
4203
963
1414
3021
1255
492
1612
277
642
948
3943
4298
3331
3090
612
2944
2904
386
3169
1418
4206
1774
4123
2575
4771
2157
3062
2742
541
3122
4660
2436
3203
1092
4607
3903
4849
3117
41
4029
1481
962
2360
2166
1668
3542
1640
587
1833
4803
3912
2937
12
4830
1702
758
4224
2422
398
2727
4175
3737
1397
1171
301
1746
2661
2848
2597
3162
1225
1192
435
4914
3712
487
193
395
1726
1156
685
4555
742
3138
3983
173
148
73
2057
1683
4102
1446
2823
3874
3971
2596
4885
249
3284
1125
3832
3959
479
3217
453
2465
2122
3857
3517
3893
1420
3321
3986
1791
4415
472
2931
917
1210
3677
3387
2936
3651
2120
3832
4194
913
569
1904
606
1144
4121
1885
4064
3470
220
1377
4514
3050
4000
3829
712
2940
868
4619
1922
3063
1504
1899
1739
1931
3149
4250
3826
2008
608
2503
2437
4085
2672
3040
964
2581
4009
4697
2001
1667
2749
580
3634
877
4351
4228
1992
2035
2987
1523
208
1451
1229
628
332
4893
3460
3307
2413
609
1227
4072
1678
881
1164
1794
3080
1752
1889
3256
2398
250
3841
3083
1228
1205
4923
503
4505
2757
2649
2336
2606
942
956
649
3330
4250
3456
1368
2723
3498
4828
2750
1283
3793
1481
1434
4405
284
981
1733
4114
4366
4002
3112
3093
4176
2103
4497
4207
222
3443
2389
3391
1468
4345
2159
2442
1847
2341
4911
4363
4048
1121
3678
3983
3995
1572
4149
1359
2014
368
4917
707
4333
3502
4616
4536
4514
3200
3087
2645
1161
3155
1358
288
2322
2231
1522
2880
888
1677
4986
1774
2718
2308
579
4301
3625
1879
2941
4411
1641
198
3283
3163
1345
4880
920
657
693
922
4157
3865
2051
2567
3159
1372
2243
203
1253
4160
1568
4341
3487
3634
4568
1633
1201
4867
3736
4408
4447
3676
353
2309
363
4695
2135
2100
2922
4300
1255
1376
2901
925
4752
3289
4844
295
3331
4961
4284
1445
1029
1690
1976
10
4291
2990
2773
1363
252
2433
3960
3751
4426
263
995
2268
4674
2350
3204
647
4420
1344
4470
4399
2172
3111
4968
2062
1550
4780
4356
4261
2561
4975
1523
1003
4106
557
3635
4962
4105
648
834
2711
3496
97
1324
180
936
426
2449
3531
4718
2843
706
3593
1163
796
681
2532
1057
2410
1096
2507
2377
2143
4690
4504
1881
1802
4606
564
4386
3248
4883
3456
2752
1422
645
3628
1643
2933
1108
1518
2651
4272
933
4752
1792
2572
1986
238
3231
3012
413
1730
4152
3609
2995
974
4004
4978
4643
1702
3917
3270
1261
1927
2501
2883
4039
136
1192
1009
3107
1235
2582
4113
2660
4280
4664
651
4599
3279
1420
4009
1743
2999
1668
2862
2056
4504
1184
3217
1229
841
532
3644
1342
4551
308
2564
1449
2852
3339
1524
4248
3167
2307
4178
2395
293
2039
862
1460
4603
4981
3203
4793
3255
4223
1875
327
2787
4408
3123
1001
4340
2548
4376
728
4861
1448
860
788
771
576
2737
1313
3357
1399
3001
1253
3251
3225
3128
541
1295
2957
2454
3960
4036
3262
4181
4699
1073
3016
371
3219
3866
3184
4268
3257
1508
1397
4248
471
2715
1978
2892
3153
4330
685
2808
679
453
3361
652
2663
894
4888
1808
479
4747
3253
3678
1856
2745
101
2102
358
1119
2813
2830
3491
3689
3527
2868
4348
1750
3518
4226
2884
3809
97
20
1732
25
1477
1008
1956
4557
442
2531
3194
1056
943
2884
153
3052
962
1855
2902
4838
2872
2545
3852
3910
594
4411
111
2962
4016
1789
3965
1710
3064
960
177
2818
1527
927
929
767
104
4539
1527
3367
4818
1370
1020
696
779
3876
1256
1109
3947
97
2535
4930
619
4250
3229
3145
1260
3914
3194
878
3452
2977
2153
691
4060
3534
4938
73
4685
973
703
836
224
3772
1164
4465
3452
3198
1319
4726
530
667
1879
1326
2373
1741
3930
1833
654
4918
4062
556
4875
1723
2408
2177
3439
4151
3555
3486
613
3509
2433
4106
3758
3935
2541
4594
1010
2940
960
4143
891
4697
4954
1600
3909
879
1073
2076
2681
4316
1901
4140
2953
601
2988
1001
1358
2736
4993
4202
1621
767
4190
3999
3320
1605
427
1359
4184
3592
2319
3010
4960
569
2459
4500
2581
2797
3662
2151
1418
1520
3579
3315
2896
3672
1087
1853
4963
1643
126
2578
2559
2862
3413
1750
665
1340
194
4741
2738
1407
2303
2596
4102
2982
2846
333
1227
3834
62
4190
1581
3934
3980
3637
4798
3019
1701
2266
4259
558
2815
241
4745
2295
4488
4666
1390
311
4358
2799
77
4196
3509
3505
4433
1579
1535
3399
4482
3156
2685
4269
550
811
148
685
2478
1336
4035
2276
3025
3924
2936
2995
4655
446
651
632
3763
4137
2515
4233
4364
812
1444
29
3373
7
921
4407
2199
1068
2142
2535
2168
633
863
4015
2053
4505
532
3167
235
1073
2062
4621
627
4998
4499
4381
932
3105
4661
3712
811
3987
1768
2988
1917
2499
1778
1176
4765
3113
2278
1682
1056
3854
361
4383
1918
2514
893
79
395
2914
2387
2
1035
3916
1643
315
2925
4512
640
2327
70
3077
2487
2906
1214
3484
4629
399
3760
1741
3848
1809
4922
381
2358
2826
3653
3073
2898
991
3166
2665
3717
1319
1811
2107
4872
3583
1489
411
272
3115
4962
293
