4999
4998
4998
4997
4997
4997
4997
4996
4994
4993
4991
4991
4989
4987
4987
4987
4984
4981
4980
4980
4980
4980
4979
4979
4978
4978
4977
4976
4976
4975
4971
4969
4968
4967
4967
4966
4965
4965
4964
4964
4962
4962
4961
4960
4959
4957
4957
4956
4956
4955
4955
4954
4954
4953
4953
4952
4952
4948
4947
4947
4946
4943
4942
4942
4939
4938
4937
4933
4933
4931
4929
4928
4928
4928
4926
4925
4924
4923
4923
4922
4922
4921
4921
4920
4920
4920
4920
4919
4919
4919
4919
4919
4918
4917
4917
4917
4917
4916
4916
4915
4915
4914
4911
4911
4911
4911
4910
4907
4906
4905
4904
4903
4902
4902
4901
4901
4898
4894
4892
4892
4892
4888
4887
4886
4885
4884
4884
4884
4883
4878
4875
4873
4872
4871
4870
4869
4869
4867
4865
4865
4863
4863
4863
4863
4863
4862
4861
4860
4860
4859
4858
4857
4857
4857
4856
4855
4855
4854
4853
4852
4852
4852
4852
4850
4848
4847
4846
4845
4844
4843
4842
4841
4841
4839
4837
4836
4834
4832
4831
4830
4828
4828
4828
4825
4824
4823
4821
4821
4820
4817
4815
4815
4814
4813
4812
4812
4811
4811
4811
4810
4810
4809
4808
4806
4805
4804
4803
4797
4797
4795
4795
4794
4792
4792
4790
4790
4788
4788
4788
4787
4787
4785
4780
4780
4778
4776
4773
4773
4772
4771
4769
4769
4768
4765
4763
4763
4763
4761
4761
4759
4759
4757
4757
4755
4753
4752
4750
4749
4747
4747
4744
4742
4742
4741
4740
4739
4739
4739
4739
4738
4738
4736
4735
4735
4733
4733
4732
4732
4731
4731
4731
4730
4730
4729
4725
4725
4724
4721
4719
4718
4717
4717
4716
4716
4715
4713
4712
4710
4710
4710
4710
4707
4707
4706
4705
4703
4701
4700
4700
4700
4700
4698
4693
4689
4688
4688
4687
4686
4686
4685
4685
4685
4685
4683
4680
4679
4679
4679
4678
4678
4678
4678
4678
4677
4674
4674
4673
4673
4673
4673
4672
4669
4667
4666
4665
4664
4664
4662
4661
4661
4660
4660
4660
4659
4659
4658
4658
4654
4653
4653
4652
4651
4651
4651
4651
4651
4651
4650
4648
4647
4647
4646
4646
4641
4639
4638
4638
4637
4636
4636
4635
4633
4633
4632
4630
4627
4627
4626
4625
4625
4623
4623
4623
4622
4622
4621
4621
4619
4618
4618
4618
4618
4615
4615
4614
4614
4614
4614
4613
4613
4613
4610
4610
4609
4609
4608
4607
4607
4606
4605
4605
4605
4604
4604
4602
4598
4598
4596
4596
4596
4594
4592
4590
4586
4585
4584
4583
4582
4582
4581
4579
4578
4578
4578
4576
4575
4573
4573
4572
4572
4572
4570
4567
4567
4566
4566
4566
4565
4563
4561
4561
4560
4560
4559
4559
4558
4557
4556
4556
4556
4556
4555
4555
4554
4554
4553
4553
4553
4552
4551
4551
4550
4549
4549
4548
4548
4547
4546
4546
4544
4538
4538
4537
4536
4533
4530
4530
4529
4529
4528
4526
4526
4524
4523
4522
4521
4520
4520
4520
4519
4518
4515
4513
4512
4512
4510
4510
4510
4509
4508
4508
4508
4504
4503
4503
4500
4499
4499
4498
4497
4497
4497
4496
4495
4492
4490
4489
4489
4488
4488
4486
4485
4485
4484
4483
4482
4482
4481
4481
4480
4480
4479
4478
4478
4477
4476
4476
4474
4473
4472
4471
4471
4470
4470
4469
4465
4465
4463
4461
4461
4460
4460
4455
4450
4450
4450
4449
4449
4448
4447
4446
4440
4440
4438
4438
4437
4436
4436
4436
4436
4433
4431
4430
4429
4428
4424
4424
4423
4422
4422
4422
4421
4420
4420
4420
4419
4419
4419
4418
4417
4414
4412
4408
4408
4407
4406
4406
4406
4405
4404
4404
4403
4402
4401
4401
4401
4401
4399
4397
4393
4393
4391
4390
4387
4387
4386
4385
4384
4381
4380
4380
4379
4378
4377
4376
4373
4373
4370
4369
4369
4369
4367
4367
4367
4367
4366
4365
4365
4363
4362
4360
4358
4356
4356
4355
4353
4353
4352
4351
4350
4350
4350
4348
4348
4346
4346
4346
4345
4343
4342
4342
4342
4341
4341
4339
4337
4336
4336
4335
4334
4333
4333
4333
4332
4331
4329
4328
4328
4326
4326
4324
4323
4323
4322
4321
4320
4319
4319
4317
4317
4316
4316
4314
4314
4314
4314
4314
4311
4311
4310
4309
4309
4308
4307
4307
4306
4305
4305
4304
4302
4301
4301
4300
4300
4299
4296
4295
4295
4293
4293
4291
4291
4290
4290
4289
4288
4288
4288
4288
4288
4287
4286
4284
4284
4284
4281
4280
4280
4277
4276
4276
4275
4272
4269
4268
4266
4266
4265
4264
4263
4263
4258
4255
4255
4254
4253
4253
4251
4250
4250
4249
4248
4247
4247
4247
4245
4245
4245
4245
4244
4242
4242
4240
4239
4237
4237
4236
4235
4235
4233
4233
4233
4233
4232
4232
4231
4228
4227
4225
4225
4224
4223
4222
4222
4221
4220
4220
4218
4218
4217
4217
4215
4215
4215
4214
4213
4213
4209
4208
4207
4206
4205
4204
4202
4202
4201
4200
4200
4195
4192
4191
4187
4187
4186
4185
4184
4179
4178
4178
4177
4177
4175
4173
4173
4172
4172
4172
4171
4171
4170
4169
4169
4169
4166
4165
4165
4163
4163
4161
4161
4160
4159
4158
4157
4157
4156
4154
4154
4153
4153
4153
4152
4152
4152
4150
4147
4147
4146
4146
4146
4144
4144
4143
4143
4143
4142
4142
4137
4137
4133
4132
4131
4130
4129
4128
4128
4128
4126
4126
4125
4123
4122
4122
4121
4119
4118
4118
4117
4117
4115
4115
4115
4113
4112
4112
4111
4110
4108
4107
4107
4107
4106
4105
4105
4105
4104
4104
4102
4101
4101
4100
4098
4097
4097
4096
4095
4094
4094
4093
4092
4092
4091
4091
4091
4087
4084
4083
4082
4081
4079
4074
4074
4071
4070
4069
4069
4069
4068
4063
4063
4061
4061
4061
4061
4061
4061
4059
4057
4057
4056
4055
4055
4055
4053
4053
4052
4051
4050
4050
4047
4046
4045
4045
4043
4040
4035
4034
4033
4030
4027
4026
4026
4023
4023
4022
4022
4021
4021
4020
4020
4019
4017
4013
4011
4010
4009
4009
4007
4006
4006
4005
4004
4003
4001
4001
4000
4000
3999
3998
3996
3996
3994
3992
3991
3990
3990
3989
3988
3986
3985
3982
3982
3982
3981
3979
3977
3977
3975
3974
3973
3972
3972
3971
3971
3970
3970
3969
3968
3967
3966
3966
3963
3960
3958
3958
3956
3955
3954
3952
3952
3951
3951
3950
3947
3947
3947
3945
3945
3945
3944
3944
3941
3940
3939
3939
3936
3935
3935
3935
3935
3935
3932
3932
3931
3928
3928
3927
3926
3925
3925
3925
3923
3922
3920
3920
3918
3917
3916
3914
3914
3913
3912
3912
3911
3909
3908
3908
3907
3905
3904
3898
3897
3896
3895
3895
3894
3894
3894
3893
3893
3893
3892
3889
3889
3887
3886
3885
3882
3882
3882
3880
3880
3879
3876
3875
3874
3874
3873
3873
3872
3867
3867
3865
3865
3863
3860
3860
3860
3859
3858
3857
3854
3853
3853
3852
3851
3851
3851
3850
3850
3849
3849
3848
3848
3847
3846
3842
3841
3840
3840
3836
3836
3835
3833
3832
3831
3830
3829
3828
3827
3826
3826
3825
3825
3824
3824
3822
3822
3822
3821
3821
3819
3819
3818
3818
3818
3816
3815
3815
3814
3813
3812
3811
3810
3809
3808
3808
3807
3806
3806
3805
3805
3804
3804
3804
3803
3802
3801
3801
3801
3798
3797
3795
3794
3793
3793
3792
3789
3785
3785
3785
3784
3783
3783
3780
3774
3773
3772
3772
3771
3771
3771
3769
3768
3768
3764
3761
3760
3759
3759
3759
3758
3754
3753
3752
3752
3750
3749
3749
3748
3747
3747
3745
3745
3743
3743
3742
3741
3740
3740
3739
3738
3738
3738
3738
3737
3737
3736
3735
3735
3731
3730
3729
3728
3728
3728
3728
3727
3726
3726
3725
3725
3725
3724
3723
3723
3721
3720
3718
3714
3713
3711
3710
3708
3707
3707
3707
3707
3706
3706
3706
3703
3703
3702
3702
3701
3700
3699
3699
3695
3694
3692
3692
3690
3690
3690
3689
3689
3689
3688
3688
3688
3684
3683
3682
3682
3682
3680
3679
3679
3676
3676
3675
3675
3674
3674
3673
3671
3668
3667
3667
3665
3665
3665
3664
3662
3662
3662
3661
3661
3660
3659
3656
3655
3653
3652
3652
3651
3651
3648
3647
3646
3646
3643
3643
3642
3641
3641
3638
3638
3637
3635
3635
3631
3631
3631
3631
3631
3629
3628
3626
3625
3624
3624
3623
3623
3623
3618
3617
3617
3616
3615
3615
3613
3612
3612
3610
3607
3606
3605
3605
3605
3603
3603
3603
3601
3599
3599
3599
3599
3598
3598
3598
3598
3596
3596
3596
3595
3590
3589
3584
3583
3582
3582
3581
3580
3579
3578
3577
3575
3573
3573
3572
3571
3571
3568
3568
3568
3567
3567
3566
3564
3562
3562
3560
3559
3559
3558
3557
3557
3557
3556
3555
3555
3555
3554
3554
3553
3553
3551
3546
3546
3545
3543
3542
3541
3541
3540
3540
3537
3536
3535
3534
3533
3532
3530
3530
3529
3528
3528
3527
3525
3525
3525
3524
3523
3520
3519
3517
3516
3515
3513
3512
3511
3511
3510
3509
3509
3508
3508
3507
3506
3506
3506
3505
3505
3504
3502
3502
3500
3498
3497
3494
3493
3492
3492
3491
3490
3490
3490
3489
3489
3489
3489
3488
3488
3485
3483
3483
3483
3482
3482
3481
3480
3477
3477
3473
3472
3472
3470
3469
3468
3467
3466
3464
3463
3463
3463
3463
3461
3461
3461
3459
3459
3458
3458
3458
3457
3457
3457
3456
3452
3450
3449
3449
3449
3449
3449
3448
3445
3445
3443
3439
3439
3439
3439
3438
3438
3438
3437
3437
3435
3434
3432
3432
3431
3431
3431
3430
3428
3427
3426
3426
3423
3423
3422
3422
3421
3421
3419
3418
3417
3415
3413
3413
3412
3411
3411
3411
3410
3409
3408
3407
3407
3406
3406
3405
3405
3404
3401
3400
3400
3400
3400
3400
3398
3395
3390
3388
3388
3388
3387
3386
3385
3385
3385
3384
3383
3382
3382
3381
3381
3380
3379
3379
3378
3378
3378
3374
3374
3373
3373
3372
3372
3371
3370
3369
3368
3367
3366
3366
3366
3365
3364
3363
3363
3362
3360
3359
3357
3357
3354
3353
3352
3352
3350
3347
3347
3345
3344
3341
3340
3339
3339
3338
3336
3334
3333
3331
3331
3330
3329
3328
3327
3327
3325
3325
3325
3325
3325
3323
3323
3322
3320
3318
3317
3316
3313
3311
3309
3308
3308
3307
3307
3306
3305
3304
3300
3300
3298
3296
3295
3295
3294
3291
3289
3289
3287
3285
3282
3281
3280
3280
3280
3278
3278
3277
3276
3276
3273
3273
3271
3267
3266
3266
3266
3265
3264
3264
3263
3261
3258
3256
3255
3254
3254
3253
3251
3250
3249
3248
3248
3248
3247
3245
3244
3244
3243
3242
3242
3242
3239
3236
3236
3236
3235
3235
3233
3230
3230
3230
3229
3228
3228
3228
3227
3226
3225
3223
3222
3220
3219
3218
3218
3217
3215
3213
3211
3211
3211
3211
3210
3209
3208
3206
3206
3205
3202
3202
3201
3197
3197
3196
3193
3193
3192
3192
3192
3192
3192
3190
3187
3185
3184
3183
3181
3180
3178
3174
3173
3172
3170
3170
3168
3166
3164
3163
3163
3162
3161
3161
3160
3158
3157
3156
3153
3153
3153
3151
3150
3149
3149
3149
3146
3145
3144
3143
3143
3142
3142
3140
3140
3139
3138
3138
3137
3137
3131
3131
3127
3126
3124
3124
3122
3121
3121
3120
3120
3119
3119
3119
3117
3116
3115
3114
3113
3112
3111
3111
3110
3110
3106
3106
3106
3105
3105
3103
3103
3103
3102
3102
3101
3100
3098
3094
3094
3094
3093
3092
3090
3090
3089
3089
3087
3082
3081
3081
3081
3079
3077
3077
3075
3074
3073
3073
3073
3073
3072
3072
3071
3070
3069
3068
3068
3066
3065
3065
3064
3061
3061
3060
3059
3057
3056
3056
3055
3055
3054
3053
3051
3050
3049
3047
3046
3045
3045
3044
3041
3040
3038
3036
3036
3036
3035
3035
3033
3033
3031
3031
3030
3028
3028
3028
3027
3026
3026
3023
3022
3022
3021
3020
3020
3020
3020
3016
3015
3015
3015
3013
3013
3010
3009
3009
3008
3006
3006
3005
3004
3002
3001
2999
2999
2997
2996
2996
2995
2995
2995
2995
2994
2993
2992
2992
2992
2991
2990
2990
2987
2987
2985
2984
2983
2982
2979
2978
2972
2970
2970
2969
2969
2969
2969
2968
2967
2967
2964
2964
2963
2961
2961
2960
2959
2958
2958
2957
2956
2956
2955
2954
2952
2950
2946
2946
2945
2943
2942
2941
2937
2937
2937
2935
2935
2934
2931
2930
2926
2926
2925
2925
2920
2919
2916
2915
2911
2911
2909
2908
2906
2906
2905
2900
2899
2898
2898
2898
2896
2893
2893
2891
2891
2889
2888
2887
2887
2887
2886
2886
2886
2885
2884
2884
2883
2882
2880
2880
2880
2879
2879
2878
2876
2875
2875
2873
2871
2871
2871
2868
2866
2865
2864
2864
2862
2862
2861
2860
2860
2860
2860
2859
2859
2859
2857
2855
2853
2853
2851
2851
2850
2849
2847
2845
2845
2844
2843
2842
2842
2838
2836
2835
2835
2835
2832
2832
2831
2831
2830
2830
2828
2827
2824
2824
2824
2823
2822
2822
2821
2818
2815
2815
2813
2812
2812
2810
2810
2807
2802
2802
2799
2799
2799
2797
2797
2796
2795
2793
2790
2789
2787
2785
2785
2784
2783
2782
2782
2781
2780
2780
2777
2772
2771
2770
2770
2768
2767
2765
2765
2764
2764
2764
2762
2761
2761
2760
2759
2758
2758
2757
2757
2756
2752
2750
2750
2749
2748
2745
2744
2744
2744
2743
2741
2738
2736
2732
2731
2731
2731
2730
2730
2730
2727
2727
2727
2726
2726
2726
2724
2723
2721
2721
2721
2720
2718
2716
2715
2712
2711
2709
2708
2707
2706
2706
2705
2705
2705
2703
2703
2703
2702
2701
2701
2701
2700
2699
2698
2697
2696
2696
2695
2694
2694
2690
2689
2689
2688
2688
2688
2687
2686
2685
2685
2684
2684
2684
2683
2683
2683
2681
2680
2680
2679
2678
2675
2674
2674
2673
2673
2672
2671
2671
2670
2670
2666
2665
2664
2662
2661
2660
2660
2659
2658
2657
2657
2657
2653
2653
2653
2652
2651
2650
2647
2645
2645
2642
2639
2639
2638
2636
2630
2630
2629
2628
2628
2626
2626
2625
2625
2623
2622
2622
2621
2621
2620
2619
2618
2618
2613
2613
2610
2610
2608
2607
2607
2606
2605
2605
2605
2605
2605
2603
2602
2601
2599
2598
2598
2598
2597
2593
2593
2592
2591
2588
2587
2587
2587
2586
2585
2585
2583
2582
2581
2580
2579
2579
2579
2575
2574
2574
2573
2572
2571
2570
2570
2569
2569
2568
2567
2567
2565
2565
2565
2564
2563
2562
2562
2558
2558
2557
2557
2556
2551
2551
2550
2549
2549
2549
2549
2544
2544
2542
2540
2539
2539
2539
2538
2538
2536
2534
2534
2533
2533
2530
2528
2527
2526
2525
2525
2523
2522
2522
2520
2519
2518
2518
2518
2516
2515
2512
2512
2511
2511
2510
2509
2509
2508
2507
2507
2505
2505
2505
2503
2502
2500
2500
2499
2499
2498
2496
2495
2495
2495
2493
2493
2492
2491
2490
2490
2489
2489
2489
2487
2486
2484
2484
2483
2483
2482
2479
2478
2478
2478
2478
2476
2475
2471
2468
2466
2465
2465
2464
2462
2461
2461
2460
2458
2458
2458
2456
2456
2455
2455
2454
2453
2453
2452
2449
2449
2448
2446
2445
2442
2442
2441
2441
2438
2438
2436
2436
2435
2434
2433
2433
2432
2432
2431
2431
2430
2428
2426
2423
2422
2421
2419
2419
2417
2414
2414
2414
2413
2413
2410
2408
2408
2408
2408
2407
2407
2405
2405
2404
2404
2404
2403
2403
2402
2401
2399
2398
2392
2392
2390
2389
2388
2387
2386
2385
2384
2383
2383
2383
2382
2380
2378
2378
2378
2378
2377
2376
2375
2375
2375
2373
2372
2371
2371
2371
2370
2368
2368
2366
2365
2365
2365
2365
2365
2363
2362
2361
2361
2360
2360
2359
2355
2354
2354
2352
2352
2352
2349
2348
2348
2348
2348
2347
2347
2345
2342
2341
2341
2340
2338
2337
2336
2334
2334
2332
2332
2329
2327
2324
2324
2324
2323
2320
2319
2318
2317
2316
2315
2315
2315
2312
2312
2311
2309
2309
2308
2306
2302
2302
2300
2300
2298
2296
2296
2294
2294
2294
2293
2292
2289
2284
2282
2281
2278
2277
2276
2276
2275
2275
2275
2274
2271
2266
2265
2264
2263
2262
2260
2260
2257
2255
2253
2252
2251
2251
2251
2250
2248
2247
2247
2245
2242
2241
2240
2239
2238
2235
2231
2230
2230
2229
2228
2228
2225
2224
2224
2224
2222
2221
2220
2218
2218
2218
2217
2217
2215
2215
2215
2214
2214
2211
2210
2209
2207
2207
2207
2207
2202
2201
2199
2199
2198
2197
2196
2196
2196
2195
2194
2194
2194
2193
2192
2192
2186
2183
2181
2179
2179
2178
2177
2177
2177
2177
2175
2175
2175
2171
2171
2170
2170
2168
2167
2167
2167
2167
2165
2165
2165
2165
2163
2161
2161
2160
2158
2157
2157
2157
2155
2155
2154
2152
2150
2148
2148
2145
2145
2145
2145
2144
2142
2142
2138
2137
2136
2135
2134
2134
2134
2133
2132
2130
2130
2129
2128
2128
2126
2126
2124
2121
2120
2119
2119
2119
2117
2116
2114
2113
2112
2112
2111
2110
2109
2109
2109
2108
2107
2106
2106
2105
2105
2104
2104
2101
2100
2099
2098
2097
2097
2095
2091
2090
2089
2089
2089
2088
2088
2087
2087
2087
2085
2085
2083
2082
2082
2082
2081
2081
2081
2078
2077
2072
2072
2071
2071
2070
2068
2068
2068
2066
2066
2066
2065
2064
2064
2063
2062
2061
2061
2061
2058
2055
2054
2051
2050
2049
2049
2048
2048
2048
2048
2047
2047
2047
2047
2046
2046
2046
2042
2042
2042
2040
2039
2039
2038
2035
2032
2032
2032
2031
2031
2030
2027
2026
2025
2024
2024
2023
2021
2021
2021
2017
2017
2015
2015
2014
2012
2012
2011
2011
2011
2010
2010
2009
2008
2008
2007
2007
2004
2004
2004
2004
2002
2001
2000
1999
1998
1996
1995
1995
1994
1993
1992
1992
1991
1990
1989
1989
1988
1988
1988
1985
1983
1983
1982
1981
1981
1978
1977
1974
1972
1970
1968
1966
1964
1963
1963
1962
1962
1960
1959
1959
1958
1956
1956
1955
1955
1954
1951
1951
1951
1950
1948
1947
1947
1946
1946
1945
1942
1940
1939
1938
1936
1935
1934
1933
1933
1933
1927
1927
1925
1923
1922
1921
1920
1918
1917
1915
1914
1914
1914
1914
1911
1911
1909
1908
1908
1907
1904
1902
1900
1897
1896
1896
1896
1895
1895
1895
1894
1892
1885
1885
1884
1882
1881
1881
1880
1880
1878
1877
1872
1871
1871
1869
1868
1868
1867
1866
1866
1865
1864
1863
1860
1860
1859
1858
1857
1857
1855
1854
1854
1854
1852
1852
1852
1851
1851
1850
1850
1849
1848
1847
1846
1846
1844
1844
1843
1842
1839
1839
1838
1837
1835
1835
1834
1834
1834
1834
1833
1832
1831
1830
1829
1828
1825
1824
1824
1824
1820
1818
1818
1817
1817
1817
1815
1814
1813
1813
1812
1811
1811
1809
1809
1809
1809
1808
1807
1807
1804
1801
1798
1796
1796
1795
1793
1792
1792
1792
1791
1791
1790
1790
1789
1789
1789
1788
1784
1782
1781
1780
1779
1778
1778
1770
1769
1769
1769
1769
1769
1767
1767
1765
1764
1764
1762
1761
1761
1757
1755
1755
1754
1753
1752
1750
1749
1749
1748
1747
1746
1745
1745
1743
1741
1740
1740
1740
1740
1739
1739
1738
1734
1733
1732
1732
1730
1728
1728
1728
1727
1726
1723
1723
1723
1721
1720
1719
1718
1718
1717
1716
1716
1715
1713
1712
1712
1712
1710
1710
1710
1708
1707
1705
1704
1703
1703
1703
1701
1701
1698
1698
1698
1698
1698
1696
1696
1696
1695
1694
1693
1693
1692
1692
1691
1691
1690
1689
1689
1689
1688
1688
1686
1686
1686
1685
1684
1683
1683
1681
1680
1679
1679
1677
1676
1675
1673
1672
1672
1672
1671
1670
1668
1668
1667
1665
1664
1661
1661
1661
1660
1660
1658
1656
1656
1655
1654
1652
1651
1651
1649
1649
1648
1648
1647
1645
1644
1644
1644
1643
1636
1636
1634
1632
1631
1629
1627
1625
1624
1624
1623
1622
1621
1621
1620
1619
1618
1618
1617
1614
1614
1613
1613
1612
1610
1610
1609
1609
1609
1607
1606
1604
1603
1601
1601
1601
1601
1599
1599
1598
1598
1596
1596
1596
1596
1595
1595
1594
1593
1593
1593
1592
1590
1588
1588
1588
1588
1587
1583
1582
1582
1582
1582
1580
1580
1580
1578
1578
1577
1576
1575
1574
1572
1572
1572
1571
1570
1570
1569
1569
1568
1567
1567
1565
1564
1564
1561
1561
1560
1557
1557
1556
1555
1553
1552
1552
1552
1550
1549
1549
1548
1548
1547
1545
1544
1544
1542
1542
1542
1541
1538
1535
1534
1534
1533
1530
1529
1528
1527
1525
1525
1524
1523
1523
1520
1520
1518
1518
1514
1514
1513
1511
1511
1509
1509
1508
1507
1506
1504
1503
1502
1501
1501
1501
1499
1498
1498
1498
1497
1496
1494
1493
1493
1492
1491
1490
1487
1486
1486
1485
1485
1484
1482
1480
1477
1477
1476
1475
1475
1474
1474
1474
1474
1471
1471
1470
1467
1467
1466
1463
1462
1462
1460
1460
1459
1458
1456
1454
1454
1454
1453
1451
1450
1450
1449
1447
1447
1447
1446
1446
1444
1444
1442
1440
1438
1436
1436
1435
1435
1433
1432
1432
1431
1429
1427
1426
1426
1426
1426
1425
1424
1423
1423
1422
1421
1420
1420
1420
1420
1420
1419
1418
1417
1416
1415
1415
1415
1414
1414
1414
1413
1413
1412
1412
1412
1410
1409
1408
1407
1406
1406
1405
1403
1402
1401
1400
1400
1399
1399
1398
1397
1397
1395
1394
1392
1392
1391
1390
1389
1389
1388
1387
1387
1385
1382
1382
1381
1381
1381
1380
1380
1378
1377
1376
1376
1374
1373
1373
1372
1371
1369
1368
1368
1366
1366
1365
1365
1365
1365
1363
1361
1360
1360
1358
1357
1356
1355
1354
1351
1350
1348
1348
1347
1344
1343
1343
1341
1339
1339
1338
1338
1335
1334
1331
1330
1328
1328
1328
1327
1326
1323
1323
1322
1320
1319
1319
1319
1318
1318
1317
1316
1315
1314
1313
1313
1313
1310
1309
1308
1307
1307
1305
1304
1304
1303
1303
1302
1302
1300
1299
1299
1298
1296
1295
1294
1289
1288
1287
1285
1285
1285
1284
1283
1281
1279
1277
1272
1270
1269
1269
1269
1268
1267
1266
1266
1261
1261
1259
1259
1257
1257
1256
1254
1253
1252
1252
1252
1249
1248
1244
1244
1244
1241
1240
1239
1239
1238
1238
1237
1237
1237
1235
1233
1233
1232
1231
1228
1225
1224
1223
1222
1222
1222
1220
1219
1218
1217
1216
1215
1215
1215
1214
1214
1213
1211
1211
1211
1210
1209
1208
1208
1206
1206
1206
1205
1205
1204
1201
1201
1201
1200
1200
1199
1198
1197
1196
1196
1195
1194
1193
1192
1192
1191
1189
1188
1188
1186
1185
1185
1185
1184
1183
1182
1182
1181
1180
1180
1176
1175
1175
1175
1174
1173
1173
1173
1173
1172
1172
1171
1171
1170
1170
1170
1168
1167
1165
1164
1163
1163
1163
1158
1158
1157
1156
1155
1154
1153
1152
1152
1151
1149
1149
1148
1147
1146
1146
1146
1146
1144
1142
1140
1139
1139
1136
1135
1133
1132
1131
1130
1128
1127
1127
1126
1125
1123
1121
1121
1119
1119
1117
1117
1115
1114
1113
1111
1111
1111
1111
1109
1108
1107
1106
1105
1105
1103
1103
1103
1102
1101
1101
1100
1099
1097
1096
1095
1094
1092
1091
1091
1088
1088
1087
1086
1085
1084
1083
1081
1079
1078
1078
1074
1074
1073
1072
1072
1070
1070
1070
1069
1068
1067
1067
1065
1065
1064
1062
1059
1057
1056
1056
1056
1055
1055
1055
1054
1052
1048
1047
1043
1041
1041
1041
1041
1038
1038
1038
1037
1037
1036
1035
1034
1034
1034
1033
1032
1030
1030
1026
1026
1024
1023
1023
1021
1019
1015
1015
1014
1014
1013
1012
1012
1011
1011
1010
1008
1007
1007
1007
1006
1006
1005
1004
1004
1002
1002
999
998
997
994
991
991
990
990
986
986
985
985
984
982
982
982
981
981
981
980
979
972
972
972
970
969
968
968
966
965
965
962
961
961
960
960
959
958
958
958
957
955
955
954
954
953
953
951
947
946
945
944
942
942
941
939
938
938
934
934
933
933
933
930
928
928
927
927
925
925
924
922
921
921
920
919
917
916
915
914
912
909
908
907
907
907
907
906
906
904
903
902
901
901
900
896
896
895
894
893
892
891
890
890
889
888
888
886
886
885
884
883
883
883
881
880
880
880
876
875
871
871
868
868
867
867
866
865
864
863
862
861
860
860
858
858
857
857
856
849
849
848
848
845
845
843
842
840
839
838
837
837
836
835
834
834
833
832
830
829
829
828
827
827
825
825
824
824
823
822
822
821
821
821
821
821
820
819
816
816
816
816
814
813
811
810
809
808
807
807
806
805
805
805
804
804
804
804
800
795
794
793
793
792
790
790
788
786
786
786
783
781
780
780
778
777
777
777
775
774
774
774
772
772
772
771
770
767
765
765
765
764
763
763
762
762
762
761
760
759
757
754
753
752
752
751
749
747
746
746
745
745
744
744
743
743
742
742
740
739
739
738
737
737
735
734
733
733
732
730
730
730
729
728
727
726
726
725
724
723
723
722
721
720
719
719
718
718
718
718
717
716
715
715
713
711
711
710
709
708
708
707
707
705
704
703
702
701
700
698
697
696
695
694
692
692
692
689
688
688
688
688
687
686
686
685
685
682
682
680
680
679
677
677
677
676
676
676
674
673
670
669
668
667
666
666
663
663
661
661
660
660
659
657
656
655
654
653
649
649
649
648
648
646
645
645
644
644
643
643
642
642
641
640
639
639
637
636
636
635
633
630
630
629
629
628
628
627
627
626
625
623
621
621
620
620
618
618
617
615
614
613
611
610
610
607
607
606
606
605
605
605
603
602
602
602
601
601
600
600
600
598
598
597
597
597
595
594
594
592
592
589
589
588
588
587
587
586
585
582
582
580
579
579
578
575
573
572
571
571
569
569
566
563
561
559
557
557
554
554
551
550
549
547
546
544
544
541
541
539
537
537
536
535
534
533
532
532
531
530
527
527
525
524
523
522
520
518
518
518
517
516
516
515
515
515
514
514
513
511
510
508
508
506
506
504
504
503
497
497
496
496
495
494
493
493
492
492
492
492
489
488
487
487
487
487
486
486
486
484
482
481
480
477
476
476
474
473
473
473
473
471
471
471
471
468
468
468
467
467
466
466
463
462
460
460
459
459
458
455
455
454
453
453
452
451
450
450
448
447
446
446
445
445
444
444
443
442
442
440
440
440
439
439
439
437
437
435
432
432
431
431
430
429
429
428
427
426
426
423
423
422
422
418
417
415
415
414
414
414
413
412
412
412
411
411
410
405
404
404
403
401
399
399
396
395
395
395
394
394
393
392
391
391
389
388
386
384
382
382
381
381
381
380
378
377
376
372
370
369
368
366
366
366
365
365
364
364
364
362
360
358
357
354
354
353
352
352
351
350
349
348
346
346
345
345
343
343
342
341
341
340
340
339
339
339
338
338
337
336
333
330
323
323
323
321
321
320
319
318
315
315
311
310
310
309
309
308
308
308
307
307
307
305
305
302
302
301
301
301
296
295
294
294
293
292
292
290
290
288
287
285
283
283
282
282
280
279
278
277
277
276
276
274
272
272
271
271
270
269
269
269
269
268
268
268
267
267
266
266
266
265
262
262
261
260
258
255
252
251
250
250
248
248
247
246
246
243
242
242
242
241
240
240
238
236
235
235
234
234
231
231
230
230
229
227
225
224
223
222
222
221
221
220
219
218
218
218
218
218
218
217
215
214
213
210
205
205
205
205
204
202
202
201
201
199
199
199
198
198
198
197
197
197
195
195
189
188
188
187
186
184
182
181
179
178
178
177
177
176
176
176
173
170
170
169
169
168
166
165
164
163
161
159
158
157
155
154
154
153
152
151
150
149
148
147
147
146
146
144
143
143
142
140
139
139
139
138
137
137
137
136
135
134
132
132
130
127
126
124
123
122
122
122
121
120
119
118
118
117
114
113
112
111
110
109
108
107
105
104
104
103
102
101
101
101
101
101
99
98
98
97
97
94
92
89
89
85
83
80
79
77
77
76
75
73
71
70
69
68
67
67
67
66
65
65
64
63
62
62
61
60
57
56
56
56
56
55
55
53
53
51
50
48
48
47
47
45
43
43
42
41
41
39
38
36
35
35
32
32
31
30
30
30
28
28
27
26
25
25
24
24
22
19
17
16
12
12
9
8
7
7
5
5
4
3
3
0
