498
495
494
492
491
489
488
487
487
487
487
487
486
486
484
480
480
479
477
476
476
476
475
474
472
472
471
471
470
470
469
469
464
464
464
462
462
459
458
454
453
452
452
452
450
450
450
449
449
448
448
446
445
444
444
443
442
441
441
441
439
436
433
432
432
431
431
431
429
428
427
426
421
420
420
417
417
417
417
416
416
413
413
412
412
411
410
410
410
409
408
408
407
406
404
404
404
402
402
400
400
399
398
396
394
394
392
390
387
387
387
386
385
385
384
384
384
383
380
379
378
378
377
375
375
375
374
374
371
370
370
369
367
367
367
364
364
363
363
361
359
358
358
357
357
357
356
353
352
349
349
347
345
345
342
339
337
336
336
335
335
334
332
331
324
321
321
320
319
319
315
313
312
311
310
307
305
304
303
303
303
302
301
301
300
300
297
296
295
295
293
290
290
290
290
290
289
284
284
281
280
277
275
274
274
272
272
271
271
271
270
269
269
269
268
268
267
266
265
265
265
265
264
264
264
262
262
261
260
259
259
255
255
253
252
251
251
249
248
247
247
247
247
246
246
245
243
239
239
239
238
237
236
236
234
234
234
234
230
224
224
223
222
222
221
221
219
219
219
219
219
218
217
217
216
216
216
215
214
214
213
212
212
212
211
211
210
207
206
204
204
204
202
201
200
200
198
198
197
196
194
192
191
191
190
188
187
187
187
184
184
184
184
184
182
181
180
179
178
178
177
177
176
176
173
172
171
169
167
167
166
166
163
163
163
163
162
162
161
161
161
156
156
155
153
153
153
152
152
152
150
150
149
148
146
146
145
145
143
142
142
141
141
138
137
137
137
135
134
130
130
126
126
126
125
124
124
123
122
120
118
118
117
114
114
114
111
110
109
109
109
109
109
108
108
108
105
104
103
103
102
101
100
100
98
97
95
94
94
93
93
92
89
89
88
84
82
82
81
80
80
80
79
78
78
77
75
73
71
70
66
65
63
63
62
62
61
61
58
58
57
57
56
55
54
53
53
53
52
52
52
51
51
51
51
50
50
49
47
47
45
43
41
33
29
29
27
26
25
25
23
22
21
21
19
18
18
17
15
13
11
11
10
9
8
7
6
6
6
5
4
4
4
3
3
2
2
2
1
0
