0
1
1
2
2
2
2
3
3
3
4
5
5
5
5
6
7
8
10
10
10
11
14
14
15
16
16
18
18
19
19
21
21
22
22
25
26
28
29
31
31
31
33
34
34
35
35
36
36
37
39
40
40
40
43
44
45
50
52
52
53
55
55
55
56
56
59
61
61
61
62
64
65
66
66
66
67
68
70
70
71
71
72
73
73
73
73
73
74
75
77
78
78
80
81
83
86
86
86
86
89
90
90
91
91
91
91
92
93
94
96
98
99
100
101
102
103
105
107
107
108
108
109
109
109
109
110
111
113
113
113
113
113
116
116
117
118
118
119
119
119
120
120
120
121
122
123
123
124
126
128
133
133
134
135
137
138
139
139
139
139
141
141
142
143
145
146
146
148
148
149
149
149
150
151
153
154
155
156
156
158
159
161
161
165
166
168
168
169
171
173
175
175
175
176
177
179
180
181
181
181
181
182
183
183
184
186
187
190
190
191
191
191
192
192
193
193
194
195
195
196
197
199
200
202
204
204
204
204
205
205
206
208
208
209
209
211
212
213
213
216
217
220
221
222
223
223
224
226
228
229
233
234
236
237
237
239
240
240
240
243
243
244
247
247
247
248
248
251
255
257
257
258
259
260
261
261
261
263
263
264
264
265
265
267
268
269
270
271
271
271
272
273
273
274
276
276
276
276
280
283
284
284
285
286
287
288
290
291
291
291
292
295
296
296
297
302
302
302
304
305
306
306
307
307
308
309
315
316
317
318
319
319
320
322
323
324
325
326
327
327
327
330
331
337
337
342
343
345
345
346
346
349
349
351
352
352
354
354
356
360
360
361
362
362
363
366
367
370
373
380
380
381
381
383
384
384
384
388
389
391
393
393
393
394
394
395
395
396
397
397
400
400
400
401
401
401
401
402
403
404
404
404
405
405
406
406
406
407
407
408
408
409
412
414
417
417
419
420
420
421
421
421
423
424
424
424
425
425
428
428
428
431
431
432
432
432
434
436
436
437
438
438
438
439
439
439
440
441
442
443
444
445
445
446
447
447
448
448
450
452
453
454
456
456
456
458
458
460
461
461
462
463
463
466
466
471
471
472
473
474
474
474
475
476
476
478
479
479
480
481
483
486
489
490
490
493
493
494
498
