0
1
2
3
5
6
6
7
8
9
9
10
10
10
13
16
17
19
20
21
21
22
23
23
24
25
25
26
26
27
27
27
28
29
30
31
31
31
32
32
33
33
34
35
38
41
43
43
49
50
50
52
53
54
54
54
55
55
56
56
58
58
59
60
61
61
61
63
66
67
68
70
70
70
71
71
72
77
77
78
78
78
79
81
81
84
84
84
86
86
87
88
90
93
94
95
96
96
97
99
100
101
101
102
102
104
104
104
106
106
107
108
108
108
109
111
112
114
116
119
122
122
126
126
126
126
127
127
127
127
128
129
129
130
130
130
131
133
133
133
133
133
136
137
138
138
138
139
140
140
140
141
141
143
143
144
148
153
155
156
156
158
159
159
160
161
161
161
164
167
168
168
171
171
174
175
175
177
177
177
181
183
185
186
186
187
187
187
187
189
190
190
191
193
195
196
198
198
199
199
200
200
200
202
203
203
204
204
206
207
207
208
208
209
210
210
210
213
216
216
216
220
221
222
223
224
224
225
226
227
227
227
228
230
230
231
233
234
236
237
238
239
240
240
242
243
244
244
245
245
246
247
250
250
250
253
253
254
255
256
257
258
260
261
261
263
267
268
269
270
271
271
274
275
277
278
279
282
282
283
285
285
285
286
286
286
287
288
288
288
290
291
291
292
293
295
296
296
296
297
297
298
301
301
301
302
304
304
309
309
312
312
312
313
313
313
316
316
316
318
320
322
323
323
324
325
328
328
330
330
330
330
332
333
334
334
337
339
340
341
341
341
343
344
346
348
348
348
348
351
351
352
352
352
353
354
356
358
358
359
362
363
364
364
364
365
366
366
367
368
369
373
373
374
375
375
375
376
377
378
378
378
378
379
379
381
381
381
382
384
384
385
386
387
388
390
390
392
394
395
396
397
397
398
399
400
400
400
400
401
402
403
403
403
403
405
406
407
408
408
409
410
410
410
412
413
414
414
414
414
414
417
417
417
418
418
418
420
420
421
422
423
423
424
425
425
426
426
427
427
427
429
430
431
431
431
431
432
432
434
434
437
437
438
441
445
447
448
448
449
451
451
453
453
454
455
455
456
457
458
460
461
461
462
463
465
465
467
467
468
471
473
473
473
474
477
477
478
478
479
480
481
481
482
484
484
485
485
486
487
487
488
489
489
493
493
493
496
497
498
498
498
498
499
500
500
500
501
502
506
506
510
511
511
512
514
516
516
516
517
518
518
520
520
521
521
522
523
526
526
526
527
528
529
530
530
531
533
536
538
538
539
540
540
541
542
543
543
546
549
550
550
551
551
551
551
555
556
562
563
564
567
567
567
569
573
574
574
574
576
577
577
577
577
578
581
582
583
583
588
588
592
593
594
594
596
597
598
600
600
601
601
601
602
602
602
602
605
605
607
608
608
610
611
611
614
616
618
620
620
622
622
622
624
626
627
630
630
631
635
636
636
638
638
639
643
643
644
645
645
645
645
645
645
646
646
646
646
647
647
648
648
649
649
651
651
653
656
656
656
657
657
660
664
664
666
667
667
669
669
669
670
670
672
674
675
675
679
679
681
683
687
687
688
688
689
691
692
692
692
693
694
695
697
698
702
702
703
704
704
705
705
708
708
709
710
711
712
712
713
713
714
714
715
715
716
718
719
719
720
720
724
724
725
726
726
726
727
730
730
731
731
732
733
733
733
735
738
738
740
740
741
741
742
742
742
742
743
743
744
744
744
745
746
748
748
751
752
755
755
755
756
757
759
759
760
762
762
762
762
763
765
765
767
769
770
771
772
773
774
775
776
778
778
779
781
782
784
785
786
786
787
787
790
790
790
791
792
793
795
796
797
797
797
800
801
802
802
803
803
803
804
804
805
805
805
806
807
807
808
810
811
813
814
814
815
815
816
816
817
817
818
819
820
820
822
823
825
826
831
834
834
834
836
837
837
840
840
841
841
842
843
845
845
845
846
847
849
851
851
852
852
852
853
853
855
856
857
858
858
859
859
860
861
861
864
865
865
866
867
867
868
871
871
872
873
874
874
874
874
875
878
879
880
882
885
886
886
886
886
888
888
888
889
890
890
891
893
894
895
895
895
898
898
899
899
900
902
904
904
904
906
906
907
908
909
910
910
911
911
912
912
914
915
915
915
916
918
918
919
919
919
920
921
921
924
924
925
926
927
928
930
931
932
935
936
937
940
940
940
941
942
942
942
943
943
945
946
947
948
953
955
955
955
956
956
956
957
959
959
960
960
961
962
963
963
964
965
967
969
971
971
972
976
978
982
984
985
987
988
989
989
990
991
994
994
996
997
998
998
1000
1000
1000
1004
1004
1006
1006
1007
1009
1009
1010
1011
1014
1015
1016
1016
1017
1017
1018
1019
1020
1021
1021
1021
1024
1024
1024
1025
1027
1028
1028
1030
1030
1033
1033
1033
1034
1034
1034
1036
1037
1039
1039
1040
1043
1043
1043
1043
1044
1044
1044
1044
1045
1048
1048
1049
1051
1052
1054
1055
1055
1056
1056
1057
1059
1060
1060
1063
1064
1068
1068
1071
1073
1076
1078
1079
1082
1082
1083
1084
1086
1086
1087
1089
1089
1089
1092
1092
1092
1093
1098
1099
1100
1102
1105
1107
1107
1108
1109
1109
1111
1111
1111
1112
1112
1113
1114
1114
1114
1116
1117
1117
1117
1118
1119
1119
1119
1120
1121
1121
1121
1122
1123
1123
1123
1124
1124
1128
1128
1129
1129
1130
1130
1130
1131
1132
1132
1133
1133
1134
1136
1137
1139
1140
1141
1143
1144
1144
1146
1147
1147
1147
1149
1149
1149
1149
1150
1151
1152
1153
1153
1153
1153
1155
1155
1158
1158
1161
1162
1165
1165
1166
1167
1167
1168
1168
1170
1171
1173
1174
1175
1177
1181
1183
1185
1186
1186
1186
1188
1188
1189
1189
1191
1191
1192
1193
1195
1195
1197
1197
1199
1200
1201
1202
1203
1203
1203
1203
1204
1204
1204
1205
1206
1206
1207
1207
1209
1212
1213
1215
1215
1217
1217
1219
1221
1221
1222
1222
1222
1223
1224
1225
1226
1227
1227
1227
1228
1231
1232
1232
1233
1233
1234
1234
1236
1237
1241
1242
1243
1243
1243
1245
1246
1247
1248
1248
1248
1250
1250
1251
1251
1252
1253
1253
1253
1254
1255
1258
1258
1259
1259
1259
1262
1265
1266
1266
1267
1268
1269
1270
1271
1273
1274
1274
1276
1277
1278
1280
1280
1283
1283
1284
1287
1288
1289
1290
1291
1291
1294
1295
1301
1302
1302
1302
1304
1305
1307
1307
1308
1308
1309
1310
1310
1315
1316
1316
1317
1319
1320
1321
1321
1321
1322
1322
1322
1322
1328
1329
1330
1330
1332
1333
1334
1335
1337
1337
1337
1340
1341
1341
1343
1348
1349
1350
1353
1353
1354
1355
1356
1358
1359
1360
1360
1361
1367
1367
1368
1369
1370
1373
1376
1376
1377
1377
1380
1381
1381
1382
1383
1383
1385
1386
1386
1387
1388
1389
1389
1389
1390
1390
1390
1391
1392
1393
1394
1396
1396
1400
1400
1401
1401
1405
1406
1407
1407
1408
1409
1409
1411
1411
1413
1413
1414
1414
1415
1415
1416
1416
1418
1418
1422
1422
1423
1424
1424
1424
1424
1425
1425
1426
1428
1429
1430
1430
1431
1435
1436
1437
1437
1437
1438
1439
1439
1443
1444
1447
1449
1450
1451
1451
1452
1452
1453
1453
1454
1454
1456
1457
1458
1460
1460
1460
1463
1464
1465
1467
1467
1467
1469
1470
1470
1473
1473
1473
1474
1474
1475
1478
1479
1480
1481
1483
1485
1490
1490
1491
1492
1492
1495
1495
1496
1499
1500
1500
1500
1502
1504
1504
1504
1505
1505
1506
1507
1507
1508
1508
1508
1509
1509
1510
1510
1511
1513
1514
1515
1516
1517
1519
1520
1521
1522
1524
1524
1526
1533
1533
1535
1535
1536
1538
1542
1543
1543
1544
1546
1547
1548
1549
1549
1550
1551
1557
1558
1558
1559
1560
1562
1563
1563
1566
1566
1567
1568
1568
1570
1571
1571
1572
1574
1574
1575
1576
1577
1577
1579
1579
1580
1580
1582
1582
1583
1585
1587
1588
1588
1588
1591
1592
1594
1595
1595
1596
1598
1600
1600
1603
1605
1605
1606
1607
1607
1608
1608
1609
1611
1611
1611
1615
1615
1615
1615
1616
1616
1616
1618
1619
1619
1619
1619
1623
1623
1624
1625
1626
1626
1626
1627
1628
1629
1629
1629
1630
1635
1636
1637
1637
1638
1640
1641
1642
1643
1643
1644
1644
1645
1645
1646
1648
1648
1650
1651
1651
1652
1654
1654
1656
1656
1660
1661
1662
1662
1664
1665
1666
1666
1667
1668
1668
1672
1674
1678
1679
1680
1684
1686
1686
1690
1690
1691
1693
1695
1695
1696
1697
1698
1698
1699
1699
1701
1703
1704
1705
1706
1707
1708
1710
1710
1711
1711
1712
1713
1714
1714
1715
1715
1716
1716
1716
1719
1720
1720
1720
1721
1722
1725
1726
1728
1728
1728
1731
1731
1732
1737
1737
1738
1739
1740
1741
1743
1743
1745
1747
1747
1748
1750
1751
1751
1752
1753
1754
1757
1758
1758
1759
1759
1759
1761
1762
1764
1764
1765
1767
1768
1768
1769
1770
1770
1771
1772
1773
1774
1774
1775
1776
1776
1777
1778
1779
1779
1780
1781
1783
1783
1783
1784
1784
1784
1785
1786
1787
1788
1790
1790
1791
1791
1795
1795
1796
1797
1797
1798
1799
1802
1802
1805
1806
1807
1809
1810
1812
1812
1813
1813
1816
1817
1819
1821
1822
1822
1822
1822
1824
1825
1825
1826
1830
1831
1832
1832
1832
1833
1834
1834
1835
1836
1839
1840
1840
1841
1841
1842
1843
1843
1843
1844
1845
1850
1850
1852
1852
1854
1855
1856
1857
1859
1859
1863
1863
1863
1864
1865
1865
1865
1869
1870
1872
1872
1873
1873
1876
1876
1879
1879
1880
1881
1882
1882
1883
1883
1884
1884
1885
1885
1886
1886
1889
1890
1891
1892
1892
1893
1894
1895
1895
1895
1897
1898
1898
1898
1900
1905
1907
1908
1909
1910
1911
1912
1912
1912
1914
1915
1918
1919
1920
1922
1923
1923
1924
1925
1926
1927
1927
1928
1929
1929
1930
1930
1930
1933
1933
1934
1935
1938
1940
1942
1944
1944
1945
1946
1948
1950
1950
1952
1958
1959
1959
1960
1960
1961
1961
1961
1961
1962
1963
1963
1964
1964
1964
1965
1966
1966
1969
1970
1971
1971
1972
1974
1975
1975
1976
1977
1977
1978
1979
1979
1982
1984
1985
1985
1985
1985
1986
1986
1987
1987
1988
1988
1988
1989
1989
1991
1992
1992
1993
1995
1997
1999
2001
2003
2003
2004
2006
2006
2006
2007
2009
2010
2010
2012
2012
2013
2014
2014
2015
2017
2018
2018
2020
2020
2022
2022
2024
2026
2028
2031
2034
2034
2035
2036
2036
2037
2037
2037
2038
2038
2040
2040
2043
2043
2045
2047
2047
2048
2051
2054
2056
2056
2057
2057
2057
2057
2058
2062
2063
2063
2065
2067
2069
2070
2072
2074
2074
2075
2075
2078
2080
2081
2082
2084
2084
2085
2085
2086
2086
2087
2090
2094
2095
2097
2097
2099
2099
2099
2101
2102
2103
2105
2105
2105
2105
2105
2106
2107
2109
2109
2109
2110
2110
2112
2113
2116
2117
2117
2118
2118
2119
2119
2121
2122
2122
2123
2124
2125
2125
2125
2125
2129
2129
2129
2129
2130
2131
2133
2134
2134
2137
2138
2139
2140
2141
2141
2143
2144
2145
2146
2146
2146
2146
2146
2146
2147
2147
2147
2149
2150
2150
2153
2153
2154
2154
2156
2159
2161
2163
2163
2164
2165
2166
2167
2168
2168
2170
2171
2171
2173
2175
2177
2178
2178
2179
2179
2179
2179
2180
2184
2185
2185
2186
2188
2189
2189
2191
2192
2193
2197
2198
2198
2198
2201
2201
2203
2204
2204
2205
2205
2206
2206
2207
2208
2208
2208
2208
2209
2211
2211
2213
2213
2214
2215
2216
2216
2218
2218
2218
2219
2219
2220
2220
2221
2221
2222
2223
2225
2226
2226
2227
2228
2228
2229
2232
2234
2235
2235
2236
2236
2237
2238
2240
2241
2242
2243
2244
2244
2246
2248
2248
2249
2250
2250
2252
2252
2253
2254
2254
2255
2256
2257
2259
2259
2259
2259
2261
2262
2264
2266
2266
2267
2268
2269
2270
2272
2272
2274
2276
2276
2277
2281
2282
2283
2283
2285
2285
2285
2286
2287
2288
2288
2289
2289
2290
2291
2292
2297
2299
2299
2300
2302
2302
2303
2303
2304
2305
2306
2307
2309
2309
2310
2311
2313
2315
2316
2316
2318
2318
2318
2319
2320
2320
2320
2321
2323
2323
2323
2323
2324
2325
2326
2327
2330
2334
2335
2335
2335
2336
2336
2337
2337
2338
2338
2342
2344
2344
2344
2346
2347
2347
2347
2349
2356
2357
2357
2357
2357
2358
2360
2361
2362
2363
2364
2365
2365
2365
2369
2369
2370
2370
2371
2372
2374
2374
2375
2376
2385
2385
2386
2387
2388
2389
2389
2390
2390
2390
2393
2393
2393
2393
2394
2396
2396
2398
2404
2405
2410
2411
2411
2411
2412
2414
2415
2415
2415
2416
2416
2421
2422
2422
2423
2424
2426
2426
2427
2428
2429
2431
2432
2432
2436
2437
2437
2438
2438
2439
2439
2439
2440
2440
2440
2441
2443
2443
2445
2446
2446
2446
2446
2447
2447
2448
2448
2450
2450
2452
2453
2455
2455
2455
2456
2457
2458
2459
2459
2462
2463
2464
2464
2465
2465
2466
2466
2467
2467
2468
2470
2470
2474
2474
2476
2477
2478
2478
2480
2483
2484
2486
2486
2488
2488
2488
2488
2489
2492
2492
2493
2495
2496
2496
2497
2501
2501
2501
2503
2504
2505
2505
2507
2507
2509
2509
2510
2511
2511
2513
2514
2514
2516
2517
2518
2519
2520
2521
2522
2523
2524
2524
2524
2525
2525
2526
2526
2527
2530
2531
2534
2535
2535
2535
2538
2538
2539
2540
2541
2541
2542
2543
2543
2546
2548
2551
2553
2553
2557
2558
2560
2562
2562
2564
2564
2566
2568
2568
2569
2570
2572
2573
2574
2575
2577
2579
2580
2581
2582
2582
2583
2584
2586
2586
2587
2591
2591
2593
2595
2595
2597
2600
2601
2602
2603
2604
2605
2605
2606
2608
2609
2611
2611
2613
2613
2613
2615
2616
2617
2618
2619
2620
2620
2621
2621
2622
2623
2623
2624
2624
2625
2625
2625
2626
2627
2628
2630
2630
2631
2634
2635
2635
2638
2640
2642
2642
2642
2644
2645
2646
2647
2647
2647
2648
2649
2649
2650
2650
2651
2651
2652
2652
2652
2653
2654
2655
2655
2658
2659
2660
2660
2662
2662
2663
2663
2665
2665
2667
2668
2668
2669
2672
2674
2675
2678
2679
2679
2680
2680
2681
2682
2682
2683
2684
2687
2687
2690
2690
2691
2692
2692
2692
2694
2694
2694
2695
2695
2696
2697
2697
2700
2702
2704
2704
2707
2707
2708
2709
2714
2715
2715
2716
2717
2717
2718
2718
2718
2719
2720
2720
2721
2722
2722
2722
2724
2726
2726
2729
2730
2730
2730
2732
2733
2734
2734
2737
2740
2740
2740
2741
2742
2743
2743
2744
2746
2747
2751
2751
2753
2753
2754
2755
2756
2756
2757
2758
2759
2759
2760
2760
2761
2762
2762
2763
2763
2765
2767
2768
2768
2770
2773
2774
2774
2776
2777
2777
2778
2778
2779
2779
2779
2779
2780
2781
2783
2784
2784
2785
2787
2787
2788
2788
2789
2790
2795
2796
2798
2798
2799
2799
2799
2800
2800
2802
2803
2804
2804
2807
2809
2809
2810
2810
2811
2811
2811
2812
2812
2814
2814
2815
2816
2817
2818
2818
2819
2819
2819
2821
2823
2824
2826
2826
2827
2829
2831
2833
2834
2835
2838
2839
2839
2845
2845
2848
2848
2848
2850
2851
2851
2852
2852
2852
2852
2853
2853
2854
2855
2855
2857
2858
2858
2858
2858
2860
2860
2860
2861
2861
2861
2861
2861
2861
2862
2862
2863
2864
2865
2866
2867
2867
2867
2869
2869
2870
2872
2872
2876
2877
2877
2878
2879
2879
2881
2883
2883
2884
2886
2886
2887
2888
2890
2890
2891
2891
2891
2892
2893
2893
2893
2895
2895
2898
2900
2900
2901
2901
2901
2903
2904
2904
2904
2905
2905
2907
2908
2908
2912
2914
2915
2916
2919
2920
2920
2921
2922
2923
2924
2925
2925
2928
2928
2929
2930
2930
2934
2934
2935
2936
2936
2939
2939
2940
2941
2942
2942
2942
2942
2945
2946
2949
2951
2954
2955
2962
2963
2965
2965
2966
2967
2967
2967
2967
2968
2968
2969
2971
2971
2976
2977
2979
2980
2980
2983
2983
2984
2985
2986
2986
2987
2987
2988
2988
2989
2989
2989
2990
2991
2991
2993
2993
2994
2994
2997
3000
3001
3001
3002
3003
3003
3003
3004
3004
3004
3005
3005
3005
3011
3011
3011
3014
3017
3017
3017
3018
3019
3020
3022
3022
3022
3022
3023
3024
3026
3026
3026
3026
3026
3027
3027
3028
3028
3029
3029
3030
3030
3030
3030
3032
3032
3034
3035
3037
3037
3038
3038
3038
3038
3039
3040
3042
3042
3043
3043
3045
3046
3047
3049
3051
3052
3054
3054
3054
3055
3055
3055
3055
3057
3059
3060
3062
3066
3066
3067
3070
3070
3072
3073
3074
3075
3075
3077
3079
3080
3080
3081
3082
3083
3084
3086
3086
3088
3089
3090
3090
3090
3091
3092
3093
3093
3095
3096
3097
3098
3098
3100
3101
3101
3108
3109
3111
3111
3112
3113
3115
3116
3116
3116
3118
3119
3119
3119
3121
3124
3124
3125
3126
3129
3130
3131
3133
3134
3134
3135
3135
3135
3135
3136
3137
3138
3138
3141
3141
3141
3144
3144
3146
3146
3147
3147
3147
3149
3150
3150
3152
3153
3154
3154
3154
3156
3158
3158
3160
3160
3162
3162
3163
3163
3164
3166
3166
3166
3171
3172
3172
3173
3173
3174
3174
3177
3177
3179
3179
3179
3179
3183
3184
3185
3186
3186
3187
3187
3188
3189
3189
3189
3190
3190
3191
3191
3191
3192
3194
3194
3195
3196
3197
3197
3199
3201
3204
3206
3206
3206
3209
3210
3211
3212
3214
3214
3215
3217
3217
3218
3219
3219
3219
3221
3222
3223
3224
3224
3224
3225
3226
3228
3229
3229
3230
3230
3231
3232
3233
3235
3237
3237
3238
3239
3240
3241
3241
3242
3242
3245
3247
3247
3247
3248
3249
3251
3251
3252
3253
3255
3256
3258
3260
3260
3260
3260
3262
3263
3263
3265
3265
3265
3265
3265
3267
3271
3271
3272
3273
3273
3275
3275
3276
3278
3278
3278
3278
3280
3280
3281
3282
3283
3283
3286
3287
3288
3288
3289
3290
3290
3290
3290
3293
3295
3297
3298
3299
3300
3301
3301
3307
3307
3310
3311
3313
3314
3316
3317
3319
3320
3321
3321
3324
3324
3325
3330
3330
3331
3332
3332
3333
3333
3335
3337
3337
3337
3337
3338
3338
3339
3339
3342
3342
3343
3344
3347
3347
3347
3350
3352
3356
3361
3363
3364
3364
3364
3365
3366
3369
3369
3370
3370
3371
3372
3374
3375
3376
3376
3377
3378
3380
3381
3382
3384
3387
3390
3390
3391
3391
3393
3394
3396
3397
3399
3400
3400
3401
3401
3401
3402
3404
3404
3404
3405
3406
3408
3408
3409
3409
3410
3411
3412
3415
3416
3416
3417
3417
3418
3418
3418
3419
3419
3420
3420
3423
3423
3425
3428
3431
3431
3432
3433
3436
3437
3437
3437
3439
3441
3443
3443
3444
3444
3445
3445
3446
3447
3447
3447
3448
3450
3452
3453
3453
3456
3456
3456
3459
3461
3461
3465
3466
3466
3466
3468
3468
3468
3469
3470
3471
3471
3472
3475
3478
3478
3478
3479
3480
3481
3481
3485
3485
3485
3488
3489
3490
3490
3491
3491
3492
3493
3494
3494
3494
3495
3496
3497
3498
3499
3499
3501
3501
3502
3504
3504
3504
3504
3505
3506
3506
3507
3508
3510
3512
3512
3513
3513
3513
3518
3522
3522
3523
3525
3526
3527
3527
3527
3530
3530
3531
3531
3531
3534
3535
3535
3538
3538
3541
3542
3544
3545
3545
3547
3549
3550
3551
3552
3553
3554
3554
3555
3556
3556
3557
3559
3560
3560
3560
3560
3561
3565
3566
3567
3567
3567
3568
3570
3570
3571
3571
3574
3575
3578
3580
3582
3583
3584
3584
3586
3587
3587
3587
3588
3588
3588
3589
3589
3591
3591
3592
3593
3594
3596
3596
3597
3598
3598
3599
3599
3600
3600
3601
3602
3603
3603
3604
3604
3607
3607
3608
3609
3609
3611
3613
3614
3615
3618
3620
3620
3622
3622
3623
3625
3627
3627
3628
3628
3629
3632
3632
3632
3633
3633
3635
3635
3637
3638
3640
3640
3642
3643
3643
3644
3644
3644
3645
3645
3646
3647
3647
3649
3649
3651
3652
3653
3655
3655
3657
3658
3658
3660
3660
3661
3661
3662
3663
3663
3664
3664
3665
3665
3665
3667
3667
3668
3669
3669
3670
3672
3674
3676
3677
3678
3681
3681
3682
3682
3683
3683
3684
3685
3688
3691
3691
3692
3692
3693
3696
3696
3697
3698
3698
3699
3700
3702
3702
3702
3703
3703
3706
3706
3707
3707
3708
3709
3710
3712
3712
3716
3717
3720
3720
3721
3722
3723
3723
3724
3724
3724
3724
3725
3729
3730
3730
3730
3731
3733
3733
3733
3733
3733
3734
3735
3735
3737
3738
3740
3742
3744
3745
3746
3746
3747
3747
3748
3749
3751
3752
3752
3753
3754
3755
3756
3756
3756
3757
3758
3762
3764
3764
3765
3765
3767
3767
3768
3768
3768
3769
3772
3772
3775
3778
3778
3782
3782
3782
3782
3783
3784
3784
3785
3786
3786
3786
3786
3787
3787
3788
3788
3788
3788
3790
3793
3794
3794
3795
3796
3798
3798
3798
3799
3800
3802
3803
3803
3805
3805
3805
3806
3807
3809
3809
3810
3811
3813
3813
3813
3814
3815
3815
3816
3817
3817
3818
3818
3820
3821
3825
3825
3826
3827
3828
3828
3828
3829
3829
3831
3836
3836
3837
3838
3839
3839
3840
3841
3841
3842
3842
3843
3845
3847
3847
3847
3847
3847
3849
3850
3850
3850
3851
3852
3853
3853
3854
3856
3856
3857
3857
3858
3859
3859
3861
3863
3865
3866
3869
3869
3871
3873
3874
3874
3876
3879
3879
3881
3882
3882
3882
3884
3885
3885
3886
3887
3889
3890
3892
3892
3894
3895
3896
3898
3900
3900
3901
3904
3905
3907
3908
3909
3909
3910
3910
3911
3912
3913
3913
3917
3917
3917
3918
3920
3923
3925
3928
3929
3931
3932
3932
3933
3933
3934
3935
3935
3935
3936
3936
3937
3937
3938
3939
3941
3945
3946
3947
3947
3948
3948
3948
3949
3949
3951
3953
3955
3956
3956
3957
3959
3959
3960
3961
3961
3961
3961
3963
3964
3967
3968
3973
3975
3975
3977
3978
3978
3979
3981
3982
3983
3984
3984
3987
3991
3991
3991
3993
3995
3995
3996
3996
3997
3998
3999
3999
4000
4000
4001
4001
4002
4002
4002
4004
4005
4005
4007
4007
4007
4007
4008
4008
4010
4015
4015
4016
4018
4019
4020
4020
4022
4027
4027
4028
4028
4029
4030
4030
4031
4031
4031
4032
4032
4034
4034
4037
4038
4038
4039
4041
4042
4042
4043
4044
4045
4045
4046
4048
4049
4050
4050
4050
4053
4053
4053
4054
4056
4056
4056
4057
4058
4060
4060
4060
4060
4060
4061
4061
4063
4063
4064
4065
4067
4067
4068
4069
4070
4070
4071
4071
4073
4075
4075
4075
4075
4076
4077
4078
4078
4079
4079
4079
4079
4081
4081
4081
4081
4085
4087
4087
4088
4089
4089
4091
4092
4092
4093
4094
4095
4098
4099
4099
4100
4102
4103
4105
4105
4109
4110
4111
4112
4113
4114
4114
4115
4115
4116
4118
4120
4121
4125
4125
4125
4126
4128
4130
4131
4131
4133
4133
4134
4134
4135
4136
4136
4137
4137
4138
4140
4140
4140
4141
4141
4142
4145
4147
4149
4150
4152
4152
4153
4155
4156
4160
4161
4161
4163
4164
4165
4166
4166
4167
4168
4168
4168
4168
4170
4171
4171
4171
4172
4172
4173
4179
4180
4181
4183
4183
4185
4185
4187
4188
4188
4189
4190
4190
4192
4192
4192
4192
4192
4193
4193
4193
4193
4193
4194
4195
4196
4196
4199
4200
4200
4203
4204
4204
4205
4206
4206
4208
4210
4212
4213
4213
4214
4214
4217
4218
4218
4218
4219
4222
4222
4223
4223
4224
4224
4225
4226
4226
4230
4231
4231
4233
4233
4234
4234
4236
4237
4237
4239
4241
4245
4246
4246
4248
4249
4249
4250
4250
4252
4252
4254
4254
4254
4255
4257
4258
4259
4259
4259
4260
4261
4263
4263
4265
4267
4267
4268
4269
4271
4273
4274
4275
4276
4277
4277
4277
4278
4278
4278
4280
4280
4281
4281
4282
4282
4284
4286
4286
4286
4286
4288
4290
4290
4290
4291
4292
4292
4293
4293
4294
4295
4295
4296
4296
4297
4297
4298
4299
4301
4302
4302
4303
4305
4305
4306
4308
4311
4312
4313
4314
4317
4321
4322
4323
4324
4325
4326
4326
4326
4327
4328
4328
4330
4330
4335
4335
4335
4339
4339
4340
4341
4342
4342
4343
4343
4344
4344
4348
4351
4352
4353
4355
4355
4356
4356
4357
4358
4358
4359
4361
4362
4364
4364
4364
4366
4366
4367
4368
4369
4370
4371
4371
4372
4372
4372
4375
4376
4376
4379
4379
4381
4383
4386
4386
4387
4387
4388
4390
4390
4390
4392
4393
4393
4394
4398
4400
4401
4401
4402
4402
4404
4405
4405
4406
4407
4408
4409
4409
4409
4410
4410
4410
4411
4412
4414
4414
4414
4414
4415
4419
4422
4423
4424
4424
4425
4426
4427
4428
4430
4431
4431
4433
4435
4435
4435
4436
4437
4437
4438
4438
4439
4440
4442
4442
4443
4445
4445
4445
4446
4446
4447
4448
4449
4449
4450
4452
4452
4452
4452
4454
4454
4455
4455
4456
4456
4459
4463
4463
4467
4469
4470
4470
4471
4471
4472
4472
4473
4474
4475
4476
4476
4478
4480
4480
4481
4482
4482
4482
4485
4486
4489
4491
4491
4493
4494
4494
4495
4496
4497
4497
4498
4499
4501
4502
4502
4504
4505
4514
4516
4517
4520
4520
4520
4520
4520
4521
4521
4522
4524
4524
4524
4526
4528
4529
4530
4531
4533
4533
4533
4533
4534
4535
4536
4539
4540
4541
4542
4544
4544
4546
4550
4552
4555
4556
4557
4557
4557
4558
4560
4560
4560
4561
4561
4561
4562
4562
4563
4563
4564
4564
4565
4565
4566
4566
4566
4571
4571
4573
4573
4573
4576
4577
4578
4580
4580
4582
4583
4586
4586
4586
4586
4586
4587
4588
4589
4592
4593
4594
4594
4594
4595
4596
4596
4597
4599
4599
4601
4602
4603
4604
4605
4606
4606
4607
4609
4610
4611
4612
4613
4615
4616
4617
4617
4617
4618
4618
4619
4620
4621
4621
4622
4622
4623
4623
4624
4624
4624
4627
4627
4628
4629
4630
4631
4632
4633
4634
4635
4636
4638
4640
4641
4644
4645
4645
4646
4647
4650
4650
4652
4652
4653
4653
4654
4654
4656
4656
4657
4657
4657
4658
4658
4660
4660
4661
4661
4661
4662
4662
4663
4663
4663
4665
4666
4666
4666
4666
4669
4670
4670
4670
4671
4671
4671
4672
4672
4673
4673
4673
4675
4675
4676
4681
4682
4682
4685
4685
4686
4686
4689
4689
4690
4691
4691
4694
4695
4695
4695
4697
4697
4698
4701
4701
4701
4701
4702
4703
4705
4705
4706
4709
4709
4709
4711
4711
4711
4712
4713
4713
4714
4716
4716
4717
4718
4719
4720
4720
4720
4721
4722
4722
4722
4723
4724
4725
4727
4727
4727
4727
4727
4728
4728
4729
4729
4729
4730
4730
4730
4734
4735
4735
4736
4736
4737
4737
4737
4740
4741
4741
4741
4743
4743
4744
4745
4745
4745
4747
4748
4754
4755
4758
4759
4759
4760
4761
4762
4762
4763
4763
4765
4767
4769
4769
4770
4771
4771
4772
4772
4774
4776
4777
4777
4778
4778
4779
4780
4781
4782
4783
4785
4786
4786
4788
4789
4789
4790
4790
4790
4790
4790
4792
4792
4792
4793
4794
4796
4796
4797
4798
4798
4800
4801
4803
4803
4803
4804
4804
4804
4805
4807
4808
4808
4808
4808
4809
4811
4811
4812
4821
4821
4822
4825
4826
4828
4828
4830
4830
4831
4832
4833
4834
4836
4837
4837
4837
4838
4838
4838
4838
4841
4843
4845
4846
4849
4849
4850
4850
4851
4852
4852
4855
4856
4857
4859
4860
4860
4861
4861
4861
4862
4862
4863
4865
4865
4866
4866
4866
4869
4870
4873
4874
4874
4875
4880
4881
4882
4883
4884
4885
4886
4887
4887
4888
4890
4891
4892
4895
4895
4896
4899
4899
4901
4903
4908
4913
4913
4913
4915
4916
4919
4919
4919
4921
4921
4921
4922
4924
4924
4925
4926
4926
4926
4927
4927
4929
4930
4930
4931
4937
4937
4938
4938
4939
4941
4942
4943
4943
4944
4944
4945
4946
4949
4949
4952
4954
4954
4959
4959
4959
4960
4961
4961
4962
4964
4965
4965
4965
4965
4967
4967
4967
4967
4968
4973
4974
4974
4977
4978
4979
4982
4983
4984
4984
4986
4986
4987
4987
4988
4989
4989
4990
4992
4993
4993
4995
4995
4996
4996
4999
